{"classNames":["net.sf.jftp.CommandLine","net.sf.jftp.JFtp","net.sf.jftp.config.LoadSet","net.sf.jftp.config.SaveSet","net.sf.jftp.config.Settings","net.sf.jftp.event.Acceptor","net.sf.jftp.event.Event","net.sf.jftp.event.EventCollector","net.sf.jftp.event.EventHandler","net.sf.jftp.event.EventProcessor","net.sf.jftp.event.FtpEvent","net.sf.jftp.event.FtpEventConstants","net.sf.jftp.event.FtpEventHandler","net.sf.jftp.gui.AppMenuBar","net.sf.jftp.gui.AutoRemover","net.sf.jftp.gui.Creator","net.sf.jftp.gui.Dir","net.sf.jftp.gui.DirCanvas","net.sf.jftp.gui.DirCellRenderer","net.sf.jftp.gui.DirEntry","net.sf.jftp.gui.DirLister","net.sf.jftp.gui.DirPanel","net.sf.jftp.gui.Displayer","net.sf.jftp.gui.DownloadList","net.sf.jftp.gui.FtpHost","net.sf.jftp.gui.HostChooser","net.sf.jftp.gui.HostList","net.sf.jftp.gui.LoadPanel","net.sf.jftp.gui.LocalDir","net.sf.jftp.gui.NameChooser","net.sf.jftp.gui.PathChanger","net.sf.jftp.gui.Properties","net.sf.jftp.gui.RemoteCommand","net.sf.jftp.gui.RemoteDir","net.sf.jftp.gui.Remover","net.sf.jftp.gui.RemoverQuery","net.sf.jftp.gui.Renamer","net.sf.jftp.gui.ResumeDialog","net.sf.jftp.gui.SftpHostChooser","net.sf.jftp.gui.SmbHostChooser","net.sf.jftp.gui.StatusCanvas","net.sf.jftp.gui.StatusPanel","net.sf.jftp.gui.Template","net.sf.jftp.gui.TransferComponent","net.sf.jftp.gui.Updater","net.sf.jftp.gui.ZipFileCreator","net.sf.jftp.gui.framework.BorderPanel","net.sf.jftp.gui.framework.GUIDefaults","net.sf.jftp.gui.framework.HButton","net.sf.jftp.gui.framework.HFrame","net.sf.jftp.gui.framework.HImage","net.sf.jftp.gui.framework.HImageButton","net.sf.jftp.gui.framework.HPanel","net.sf.jftp.gui.framework.HPasswordField","net.sf.jftp.gui.framework.HTextField","net.sf.jftp.net.BasicConnection","net.sf.jftp.net.ConnectionHandler","net.sf.jftp.net.ConnectionListener","net.sf.jftp.net.DataConnection","net.sf.jftp.net.FilesystemConnection","net.sf.jftp.net.FtpClient","net.sf.jftp.net.FtpConnection","net.sf.jftp.net.FtpConstants","net.sf.jftp.net.FtpServer","net.sf.jftp.net.FtpServerSocket","net.sf.jftp.net.FtpURLConnection","net.sf.jftp.net.FtpURLStreamHandler","net.sf.jftp.net.JConnection","net.sf.jftp.net.SftpConnection","net.sf.jftp.net.SftpVerification","net.sf.jftp.net.SmbConnection","net.sf.jftp.net.Transfer","net.sf.jftp.util.LocalIO","net.sf.jftp.util.Log","net.sf.jftp.util.Log4JLogger","net.sf.jftp.util.Logger","net.sf.jftp.util.StringUtils","net.sf.jftp.util.SystemLogger"],"values":[[1.0,0.0,0.0,0.0,0.0,0.0,0.0,0.0,0.0,0.0,0.0,0.0,0.0,0.0,0.0,0.0,0.0,0.0,0.0,0.0,0.0,0.0,0.0,0.0,0.0,0.0,0.0,0.0,0.0,0.0,0.0,0.0,0.0,0.0,0.0,0.0,0.0,0.0,0.0,0.0,0.0,0.0,0.0,0.0,0.0,0.0,0.0,0.0,0.0,0.0,0.0,0.0,0.0,0.0,0.0,0.0,0.0,0.0,0.0,0.0,0.0,0.0,0.0,0.0,0.0,0.0,0.0,0.0,0.0,0.0,0.0,0.0,0.0,0.0,0.0,0.0,0.0,0.0],[0.0,1.0,0.0,0.027739251040221916,0.0,0.0,0.0,0.025983667409057165,0.0,0.023712737127371274,0.0,0.0,0.01953125,0.04605641911341393,0.025289017341040464,0.0,0.0029542097488921715,0.0,0.034578146611341634,0.0,0.0,0.0028149190710767065,0.022742040285899934,0.07248322147651007,0.0,0.044359464627151055,0.030303030303030304,0.0,0.0385942893002824,0.0,0.0,0.0,0.0,0.03720508166969147,0.02356902356902357,0.02468265162200282,0.0,0.02277163305139883,0.0,0.06449738524113888,0.010329244673983214,0.05131494547787043,0.0,0.0,0.0,0.0,0.0,0.0,0.0,0.0,0.024238227146814405,0.021485573971761818,0.02631578947368421,0.0511000709723208,0.09014084507042254,0.002871500358937545,0.0664259927797834,0.0,0.05279927173418298,0.05753791257805531,0.0,0.041708643965343545,0.0,0.0,0.019373454245671887,0.014416775884665793,0.0,0.05225342913128674,0.0,0.0,0.04434850863422292,0.02631578947368421,0.05057316250842886,0.011535688536409516,0.0653950953678474,0.0,0.00580046403712297,0.14979195561719832],[0.0,0.0,1.0,0.0,0.0,0.0,0.0,0.0,0.0,0.0,0.0,0.0,0.0,0.0,0.0,0.0,0.0,0.0,0.0,0.0,0.0,0.0,0.0,0.0,0.0,0.0,0.0,0.0,0.0,0.0,0.0,0.0,0.0,0.0,0.0,0.0,0.0,0.0,0.0,0.0,0.0,0.0,0.0,0.0,0.0,0.0,0.0,0.0,0.0,0.0,0.0,0.0,0.0,0.0,0.0,0.0,0.0,0.0,0.0,0.0,0.0,0.0,0.0,0.0,0.0,0.0,0.0,0.0,0.0,0.0,0.0,0.0,0.0,0.0,0.0,0.0,0.0,0.0],[0.0,0.027739251040221916,0.0,1.0,0.0,0.0,0.0,0.0,0.0,0.0,0.0,0.0,0.0,0.027522935779816515,0.078125,0.0,0.0,0.0,0.0,0.0,0.0,0.0,0.043227665706051875,0.07190795781399809,0.0,0.017568517217146872,0.041474654377880185,0.0,0.03007518796992481,0.0,0.0,0.0,0.0,0.016556291390728478,0.051194539249146756,0.06637168141592921,0.0,0.043478260869565216,0.0,0.03780718336483932,0.0,0.0,0.0,0.0,0.0,0.0,0.0,0.0,0.0,0.0,0.05952380952380952,0.0,0.0,0.0,0.06578947368421052,0.0,0.0,0.0,0.029850746268656716,0.014285714285714285,0.0,0.013259082471492973,0.0,0.0,0.012155591572123177,0.0,0.0,0.08849557522123894,0.0,0.0,0.011061946902654867,0.05791505791505792,0.12027491408934708,0.0,0.0,0.0,0.0,0.0],[0.0,0.0,0.0,0.0,1.0,0.0,0.0,0.0,0.0,0.0,0.041916167664670656,0.0,0.0,0.0,0.0,0.0,0.0,0.0,0.0,0.04697986577181208,0.05309734513274336,0.026501766784452298,0.0,0.0,0.0,0.0,0.0,0.0,0.0,0.0,0.0,0.0,0.0,0.0,0.0,0.0,0.0,0.0,0.0,0.0,0.0,0.0,0.0,0.0,0.0,0.0,0.0,0.0,0.0,0.0,0.0,0.0,0.0,0.0,0.0,0.0,0.016981132075471698,0.0,0.0067064083457526085,0.012977649603460706,0.0,0.015335929892891918,0.0,0.0,0.0,0.026825633383010434,0.0,0.03550295857988166,0.0,0.0,0.008860011813349085,0.028070175438596492,0.0,0.0,0.0,0.0,0.0,0.0],[0.0,0.0,0.0,0.0,0.0,1.0,0.0,0.0,0.0,0.0,0.0,0.0,0.0,0.0,0.0,0.0,0.0,0.0,0.0,0.0,0.0,0.0,0.0,0.0,0.0,0.0,0.0,0.0,0.0,0.0,0.0,0.0,0.0,0.0,0.0,0.0,0.0,0.0,0.0,0.0,0.0,0.0,0.0,0.0,0.0,0.0,0.0,0.0,0.0,0.0,0.0,0.0,0.0,0.0,0.0,0.0,0.0,0.0,0.0,0.0,0.0,0.0,0.0,0.0,0.0,0.0,0.0,0.0,0.0,0.0,0.0,0.0,0.0,0.0,0.0,0.0,0.0,0.0],[0.0,0.0,0.0,0.0,0.0,0.0,1.0,0.0,0.0,0.0,0.0,0.0,0.0,0.0,0.0,0.0,0.0,0.0,0.0,0.0,0.0,0.0,0.0,0.0,0.0,0.0,0.0,0.0,0.0,0.0,0.0,0.0,0.0,0.0,0.0,0.0,0.0,0.0,0.0,0.0,0.0,0.0,0.0,0.0,0.0,0.0,0.0,0.0,0.0,0.0,0.0,0.0,0.0,0.0,0.0,0.0,0.0,0.0,0.0,0.0,0.0,0.0,0.0,0.0,0.0,0.0,0.0,0.0,0.0,0.0,0.0,0.0,0.0,0.0,0.0,0.0,0.0,0.0],[0.0,0.025983667409057165,0.0,0.0,0.0,0.0,0.0,1.0,0.0,0.05291005291005291,0.0,0.0,0.019801980198019802,0.044444444444444446,0.0,0.0,0.0,0.0,0.15723270440251572,0.0,0.0,0.0,0.0,0.010548523206751054,0.0,0.007530120481927711,0.0,0.0,0.010526315789473684,0.0,0.0,0.0,0.0,0.014858841010401188,0.0,0.0,0.0,0.0,0.0,0.02304147465437788,0.0,0.05514705882352941,0.0,0.0,0.0,0.0,0.0,0.0,0.0,0.0,0.0,0.029239766081871343,0.23255813953488372,0.08196721311475409,0.11278195488721804,0.0,0.10204081632653061,0.0,0.02197802197802198,0.03664921465968586,0.0,0.020402611534276388,0.0,0.0,0.0,0.0,0.0,0.040983606557377046,0.0,0.0,0.019825535289452814,0.0,0.05102040816326531,0.0,0.19337016574585636,0.0,0.0,0.22580645161290322],[0.0,0.0,0.0,0.0,0.0,0.0,0.0,0.0,1.0,0.0,0.0,0.0,0.0,0.0,0.0,0.0,0.0,0.0,0.0,0.0,0.0,0.0,0.0,0.0,0.0,0.0,0.0,0.0,0.0,0.0,0.0,0.0,0.0,0.0,0.0,0.0,0.0,0.0,0.0,0.0,0.0,0.0,0.0,0.0,0.0,0.0,0.0,0.0,0.0,0.0,0.0,0.0,0.0,0.0,0.0,0.0,0.0,0.0,0.0,0.0,0.0,0.0,0.0,0.0,0.0,0.0,0.0,0.0,0.0,0.0,0.0,0.0,0.0,0.0,0.0,0.0,0.0,0.0],[0.0,0.023712737127371274,0.0,0.0,0.0,0.0,0.0,0.05291005291005291,0.0,1.0,0.0,0.0,0.015772870662460567,0.03454231433506045,0.0,0.0,0.0,0.0,0.08680555555555555,0.0,0.0,0.0,0.0,0.009285051067780872,0.0,0.0068634179821551134,0.0,0.0,0.009857072449482503,0.0,0.0,0.0,0.0,0.013966480446927373,0.0,0.0,0.0,0.0,0.0,0.017761989342806393,0.0,0.03740648379052369,0.0,0.0,0.0,0.0,0.0,0.0,0.0,0.0,0.0,0.021231422505307854,0.05813953488372093,0.0398406374501992,0.05725190839694656,0.0,0.04405286343612335,0.0,0.019249278152069296,0.03228782287822878,0.0,0.01971090670170828,0.0,0.0,0.0,0.0,0.0,0.02680965147453083,0.0,0.0,0.017985611510791366,0.0,0.03076923076923077,0.0,0.11290322580645161,0.0,0.0,0.12323943661971831],[0.0,0.0,0.0,0.0,0.041916167664670656,0.0,0.0,0.0,0.0,0.0,1.0,0.0,0.0,0.0,0.0,0.0,0.0,0.0,0.0,0.12951167728237792,0.19014084507042253,0.3916083916083916,0.0,0.0,0.0,0.0,0.0,0.0,0.0,0.0,0.0,0.0,0.0,0.0,0.0,0.0,0.0,0.0,0.0,0.0,0.0,0.0,0.0,0.0,0.0,0.0,0.0,0.0,0.0,0.0,0.0,0.022792022792022793,0.0,0.0,0.0,0.0,0.08411214953271028,0.0,0.018498367791077257,0.03630705394190872,0.0821917808219178,0.026051560379918588,0.0,0.14035087719298245,0.006968641114982578,0.12096774193548387,0.0,0.08300395256916997,0.0,0.0,0.02283464566929134,0.04861111111111111,0.0,0.07339449541284404,0.0,0.0,0.0,0.0],[0.0,0.0,0.0,0.0,0.0,0.0,0.0,0.0,0.0,0.0,0.0,1.0,0.0,0.0,0.0,0.0,0.0,0.0,0.0,0.0,0.0,0.0,0.0,0.0,0.0,0.0,0.0,0.0,0.0,0.0,0.0,0.0,0.0,0.0,0.0,0.0,0.0,0.0,0.0,0.0,0.0,0.0,0.0,0.0,0.0,0.0,0.0,0.0,0.0,0.0,0.0,0.0,0.0,0.0,0.0,0.0,0.0,0.0,0.0,0.0,0.0,0.0,0.0,0.0,0.0,0.0,0.0,0.0,0.0,0.0,0.0,0.0,0.0,0.0,0.0,0.0,0.0,0.0],[0.0,0.01953125,0.0,0.0,0.0,0.0,0.0,0.019801980198019802,0.0,0.015772870662460567,0.0,0.0,1.0,0.0223463687150838,0.0,0.0,0.0,0.0,0.041390728476821195,0.0,0.0,0.0,0.0,0.007178750897343862,0.0,0.0056401579244218835,0.0,0.0,0.008528784648187633,0.0,0.03523489932885906,0.020989505247376312,0.0,0.012175324675324676,0.0,0.0,0.0,0.0,0.0,0.011376564277588168,0.0,0.02092050209205021,0.0,0.0,0.0,0.0,0.0,0.0,0.0,0.0,0.0,0.012706480304955527,0.020491803278688523,0.01763668430335097,0.025951557093425604,0.0,0.01841620626151013,0.0,0.035424354243542434,0.025,0.0,0.01819946614899296,0.0,0.0,0.04924242424242424,0.0,0.0,0.01451378809869376,0.0,0.0,0.014654161781946073,0.0,0.015600624024960999,0.0,0.05591054313099041,0.0,0.0,0.058333333333333334],[0.0,0.04605641911341393,0.0,0.027522935779816515,0.0,0.0,0.0,0.044444444444444446,0.0,0.03454231433506045,0.0,0.0,0.0223463687150838,1.0,0.02053388090349076,0.0,0.0,0.0,0.08561020036429873,0.0,0.0,0.0,0.01557632398753894,0.04857997010463378,0.0,0.023282887077997673,0.028985507246376812,0.0,0.03056768558951965,0.0,0.0,0.0,0.0,0.034039020340390205,0.017006802721088437,0.019193857965451054,0.0,0.015625,0.0,0.04247572815533981,0.0,0.2583081570996979,0.0,0.0,0.0,0.0,0.0,0.0,0.0,0.0,0.08957952468007313,0.0273224043715847,0.046189376443418015,0.0390625,0.06692160611854685,0.0,0.040983606557377046,0.0,0.04230769230769231,0.040892193308550186,0.0,0.03590752582390556,0.0,0.0,0.006540222367560497,0.0,0.0,0.0473186119873817,0.0,0.0,0.027256208358570563,0.012300123001230012,0.059726962457337884,0.0,0.07880910683012259,0.0,0.0,0.08256880733944955],[0.0,0.025289017341040464,0.0,0.078125,0.0,0.0,0.0,0.0,0.0,0.0,0.0,0.0,0.0,0.02053388090349076,1.0,0.0,0.0,0.0,0.0,0.0,0.0,0.0,0.03460207612456748,0.04568527918781726,0.0,0.014652014652014652,0.03894839337877313,0.0,0.020650490449148167,0.0,0.0,0.0,0.0,0.014591439688715954,0.0425531914893617,0.05952380952380952,0.0,0.03484320557491289,0.0,0.03184713375796178,0.0,0.0,0.0,0.0,0.0,0.0,0.0,0.0,0.0,0.0,0.05154639175257732,0.0,0.0,0.0,0.058823529411764705,0.0,0.0,0.0,0.026399155227032733,0.010080645161290322,0.0,0.006733099919202801,0.0,0.0,0.008503401360544218,0.0,0.0,0.03558718861209965,0.0,0.0,0.007704160246533128,0.021739130434782608,0.06437768240343347,0.0,0.0,0.0,0.0,0.0],[0.0,0.0,0.0,0.0,0.0,0.0,0.0,0.0,0.0,0.0,0.0,0.0,0.0,0.0,0.0,1.0,0.0,0.0,0.0,0.0,0.0,0.0,0.0,0.0,0.0,0.0,0.0,0.0,0.0,0.0,0.0,0.0,0.0,0.0,0.0,0.0,0.0,0.0,0.0,0.0,0.0,0.0,0.0,0.0,0.0,0.0,0.0,0.0,0.0,0.0,0.0,0.0,0.0,0.0,0.0,0.0,0.0,0.0,0.0,0.0,0.0,0.0,0.0,0.0,0.0,0.0,0.0,0.0,0.0,0.0,0.0,0.0,0.0,0.0,0.0,0.0,0.0,0.0],[0.0,0.0029542097488921715,0.0,0.0,0.0,0.0,0.0,0.0,0.0,0.0,0.0,0.0,0.0,0.0,0.0,0.0,1.0,0.0,0.0,0.0,0.0,0.1702127659574468,0.0,0.0,0.0,0.0,0.004012036108324975,0.0,0.005243838489774515,0.0,0.0,0.0,0.0,0.004935834155972359,0.0,0.0,0.0,0.0,0.0,0.0,0.0,0.0,0.0,0.0,0.0,0.0,0.0,0.0,0.0,0.0,0.0,0.0,0.0,0.0,0.0,0.504424778761062,0.0,0.20689655172413793,0.0,0.010395010395010396,0.0,0.0,0.0,0.0,0.007853403141361256,0.0,0.0,0.0,0.0,0.0,0.007886435331230283,0.0,0.0,0.0,0.0,0.2692307692307692,0.0,0.0],[0.0,0.0,0.0,0.0,0.0,0.0,0.0,0.0,0.0,0.0,0.0,0.0,0.0,0.0,0.0,0.0,0.0,1.0,0.0,0.0,0.0,0.0,0.0,0.0,0.0,0.0,0.0,0.0,0.0,0.0,0.0,0.0,0.0,0.0,0.0,0.0,0.0,0.0,0.0,0.0,0.06962025316455696,0.0,0.0,0.0,0.0,0.0,0.0,0.0,0.0,0.0,0.0,0.0,0.0,0.0,0.0,0.0,0.0,0.0,0.0,0.0,0.0,0.0,0.0,0.0,0.0,0.0,0.0,0.0,0.0,0.0,0.0,0.0,0.0,0.0,0.0,0.0,0.0,0.07655502392344497],[0.0,0.034578146611341634,0.0,0.0,0.0,0.0,0.0,0.15723270440251572,0.0,0.08680555555555555,0.0,0.0,0.041390728476821195,0.08561020036429873,0.0,0.0,0.0,0.0,1.0,0.0,0.0,0.0,0.0,0.02387774594078319,0.0,0.01751927119831815,0.0,0.0,0.017508754377188594,0.0,0.0,0.0,0.0,0.026912181303116147,0.0,0.0,0.0,0.0,0.0,0.04690431519699812,0.0,0.08086253369272237,0.0,0.0,0.0,0.0,0.0,0.0,0.0,0.0,0.0,0.05668934240362812,0.176056338028169,0.11312217194570136,0.12931034482758622,0.0,0.12690355329949238,0.0,0.03468780971258672,0.04743833017077799,0.0,0.03337748344370861,0.0,0.0,0.0,0.0,0.0,0.0728862973760933,0.0,0.0,0.029411764705882353,0.0,0.0847457627118644,0.0,0.17857142857142858,0.0,0.0,0.1968503937007874],[0.0,0.0,0.0,0.0,0.04697986577181208,0.0,0.0,0.0,0.0,0.0,0.12951167728237792,0.0,0.0,0.0,0.0,0.0,0.0,0.0,0.0,1.0,0.1233644859813084,0.13619402985074627,0.0,0.0,0.0,0.0,0.0,0.0,0.0,0.0,0.0,0.0,0.0,0.0,0.0,0.0,0.0,0.0,0.0,0.0,0.0,0.0,0.0,0.0,0.0,0.0,0.0,0.0,0.0,0.0,0.0,0.02956989247311828,0.0,0.0,0.0,0.0,0.06,0.0,0.0350609756097561,0.04716285924834193,0.03710575139146568,0.037518391368317805,0.0,0.03155818540433925,0.010382868267358857,0.07956318252730109,0.0,0.06501547987616099,0.0,0.0,0.03487672880336741,0.07272727272727272,0.0,0.03187250996015936,0.0,0.0,0.0,0.0],[0.0,0.0,0.0,0.0,0.05309734513274336,0.0,0.0,0.0,0.0,0.0,0.19014084507042253,0.0,0.0,0.0,0.0,0.0,0.0,0.0,0.0,0.1233644859813084,1.0,0.11594202898550725,0.0,0.0,0.0,0.009992862241256246,0.0,0.0,0.008109477952356817,0.0,0.0,0.0,0.0,0.0076481835564053535,0.0,0.0,0.0,0.0,0.0,0.027613412228796843,0.0,0.0,0.04316546762589928,0.0,0.0,0.0,0.0,0.0,0.0,0.0,0.0,0.0,0.0,0.0,0.0,0.0,0.10526315789473684,0.0,0.018311291963377416,0.026264591439688716,0.0,0.020005334755934915,0.0,0.0,0.0,0.08653846153846154,0.0,0.0946372239747634,0.0,0.0,0.017991004497751123,0.07258064516129033,0.0,0.0,0.0,0.0,0.0,0.0],[0.0,0.0028149190710767065,0.0,0.0,0.026501766784452298,0.0,0.0,0.0,0.0,0.0,0.3916083916083916,0.0,0.0,0.0,0.0,0.0,0.1702127659574468,0.0,0.0,0.13619402985074627,0.11594202898550725,1.0,0.0,0.0,0.0,0.0,0.0037593984962406013,0.0,0.002026342451874367,0.0,0.0,0.0,0.0,0.0019111323459149545,0.0,0.0,0.0,0.0,0.0,0.0,0.0,0.0,0.0,0.0,0.0,0.0,0.0,0.0,0.0,0.0,0.0,0.04807692307692308,0.0,0.0,0.0,0.022222222222222223,0.06976744186046512,0.0,0.0508130081300813,0.05539358600583091,0.15639810426540285,0.0304,0.0,0.11173184357541899,0.016488046166529265,0.11501597444089456,0.0,0.05660377358490566,0.0,0.0,0.038202247191011236,0.03621730382293763,0.0,0.11494252873563218,0.0,0.0,0.0,0.0],[0.0,0.022742040285899934,0.0,0.043227665706051875,0.0,0.0,0.0,0.0,0.0,0.0,0.0,0.0,0.0,0.01557632398753894,0.03460207612456748,0.0,0.0,0.0,0.0,0.0,0.0,0.0,1.0,0.039473684210526314,0.0,0.017105263157894738,0.0338409475465313,0.0,0.019120458891013385,0.0,0.0,0.0,0.0,0.013568521031207599,0.02564102564102564,0.030959752321981424,0.0,0.02262443438914027,0.0,0.03354632587859425,0.0,0.0,0.0,0.0,0.0,0.0,0.0,0.0,0.0,0.18115942028985507,0.02865329512893983,0.0,0.0,0.0,0.03076923076923077,0.0,0.0,0.0,0.022686025408348458,0.008718395815170008,0.0,0.006463288521199586,0.0,0.0,0.007513148009015778,0.0,0.0,0.022935779816513763,0.0,0.0,0.006882312456985547,0.016260162601626018,0.03865979381443299,0.0,0.0,0.0,0.0,0.0],[0.0,0.07248322147651007,0.0,0.07190795781399809,0.0,0.0,0.0,0.010548523206751054,0.0,0.009285051067780872,0.0,0.0,0.007178750897343862,0.04857997010463378,0.04568527918781726,0.0,0.0,0.0,0.02387774594078319,0.0,0.0,0.0,0.039473684210526314,1.0,0.0,0.029332129963898917,0.039936102236421724,0.0,0.04555236728837877,0.0,0.0,0.0,0.0,0.036807705538355696,0.04143646408839779,0.04416094210009813,0.0,0.03954305799648506,0.0,0.0453857791225416,0.0,0.01293103448275862,0.0,0.0,0.0,0.0,0.0,0.0,0.0,0.0,0.0430622009569378,0.008130081300813009,0.010741138560687433,0.009900990099009901,0.058765915768854066,0.0,0.02231237322515213,0.0,0.04449388209121246,0.04340748779164406,0.0,0.044697633654688866,0.0,0.0,0.028120374938332512,0.007985803016858917,0.0,0.06625441696113074,0.0,0.0,0.03257328990228013,0.04958047292143402,0.07380073800738007,0.0,0.03274087932647334,0.0,0.0,0.06807286673058485],[0.0,0.0,0.0,0.0,0.0,0.0,0.0,0.0,0.0,0.0,0.0,0.0,0.0,0.0,0.0,0.0,0.0,0.0,0.0,0.0,0.0,0.0,0.0,0.0,1.0,0.0,0.0,0.0,0.0,0.0,0.0,0.0,0.0,0.0,0.0,0.0,0.0,0.0,0.0,0.0,0.0,0.0,0.0,0.0,0.0,0.0,0.0,0.0,0.0,0.0,0.0,0.0,0.0,0.0,0.0,0.0,0.0,0.0,0.0,0.0,0.0,0.0,0.0,0.0,0.0,0.0,0.0,0.0,0.0,0.0,0.0,0.0,0.0,0.0,0.0,0.0,0.0,0.0],[0.0,0.044359464627151055,0.0,0.017568517217146872,0.0,0.0,0.0,0.007530120481927711,0.0,0.0068634179821551134,0.0,0.0,0.0056401579244218835,0.023282887077997673,0.014652014652014652,0.0,0.0,0.0,0.01751927119831815,0.0,0.009992862241256246,0.0,0.017105263157894738,0.029332129963898917,0.0,1.0,0.022143489813994686,0.0,0.022095959595959596,0.0,0.0,0.0,0.0,0.024946759963492545,0.013642564802182811,0.014295925661186561,0.0,0.013175230566534914,0.0,0.12044653349001175,0.0,0.00974025974025974,0.008995502248875561,0.0,0.0,0.0,0.0,0.0,0.0,0.0,0.014035087719298246,0.006211180124223602,0.007627765064836003,0.007194244604316547,0.024982155603140613,0.0,0.007320644216691069,0.0,0.025252525252525252,0.024741340530814216,0.0,0.022249190938511326,0.0,0.0,0.008309098462816784,0.0,0.0,0.03439153439153439,0.0,0.0,0.017793594306049824,0.011827321111768185,0.02390710382513661,0.0,0.024154589371980676,0.0,0.0,0.024595924104005622],[0.0,0.030303030303030304,0.0,0.041474654377880185,0.0,0.0,0.0,0.0,0.0,0.0,0.0,0.0,0.0,0.028985507246376812,0.03894839337877313,0.0,0.004012036108324975,0.0,0.0,0.0,0.0,0.0037593984962406013,0.0338409475465313,0.039936102236421724,0.0,0.022143489813994686,1.0,0.0,0.026148409893992933,0.0,0.0,0.0,0.0,0.021702271956595458,0.03546099290780142,0.03770028275212064,0.0,0.03389830508474576,0.0,0.032991202346041054,0.0,0.0,0.0,0.0,0.0,0.0,0.0,0.0,0.0,0.0,0.03679852805887764,0.0,0.0,0.0,0.03762935089369708,0.003861003861003861,0.0,0.0,0.03641304347826087,0.023342175066312996,0.0,0.013243595310464611,0.0,0.0,0.01933301111648139,0.0,0.0,0.034071550255536626,0.0,0.0,0.020082154267457783,0.029563932002956393,0.03996447602131439,0.0,0.0,0.0,0.0,0.0],[0.0,0.0,0.0,0.0,0.0,0.0,0.0,0.0,0.0,0.0,0.0,0.0,0.0,0.0,0.0,0.0,0.0,0.0,0.0,0.0,0.0,0.0,0.0,0.0,0.0,0.0,0.0,1.0,0.0,0.0,0.0,0.0,0.0,0.0,0.0,0.0,0.0,0.0,0.0,0.0,0.0,0.0,0.0,0.0,0.0,0.0,0.0,0.0,0.0,0.0,0.0,0.0,0.0,0.0,0.0,0.0,0.0,0.0,0.0,0.0,0.0,0.0,0.0,0.0,0.0,0.0,0.0,0.0,0.0,0.0,0.0,0.0,0.0,0.0,0.0,0.0,0.0,0.0],[0.0,0.0385942893002824,0.0,0.03007518796992481,0.0,0.0,0.0,0.010526315789473684,0.0,0.009857072449482503,0.0,0.0,0.008528784648187633,0.03056768558951965,0.020650490449148167,0.0,0.005243838489774515,0.0,0.017508754377188594,0.0,0.008109477952356817,0.002026342451874367,0.019120458891013385,0.04555236728837877,0.0,0.022095959595959596,0.026148409893992933,0.0,1.0,0.0061068702290076335,0.0,0.005819592628516004,0.0,0.23218450375745012,0.019627085377821395,0.020294266869609334,0.0,0.019138755980861243,0.0,0.028583992963940194,0.0,0.011837121212121212,0.0,0.0,0.0,0.016585365853658537,0.0,0.0,0.0,0.0,0.020030045067601403,0.00916590284142988,0.010621348911311737,0.010193679918450561,0.03294475418144957,0.0020554984583761563,0.010319917440660475,0.015864621893178214,0.03090909090909091,0.03184257602862254,0.0,0.0415155910079768,0.0,0.0,0.01342732460557234,0.004329004329004329,0.0,0.03358925143953935,0.0,0.0,0.0254756530151564,0.02209456473707468,0.03683693516699411,0.0,0.022266204849084613,0.0,0.0,0.022556390977443608],[0.0,0.0,0.0,0.0,0.0,0.0,0.0,0.0,0.0,0.0,0.0,0.0,0.0,0.0,0.0,0.0,0.0,0.0,0.0,0.0,0.0,0.0,0.0,0.0,0.0,0.0,0.0,0.0,0.0061068702290076335,1.0,0.0,0.041811846689895474,0.0,0.005758157389635317,0.0,0.0,0.0,0.0,0.0,0.0,0.0,0.0,0.0,0.0,0.0,0.0,0.0,0.0,0.0,0.0,0.0,0.0,0.0,0.0,0.0,0.0,0.0,0.0,0.0,0.0,0.0,0.0,0.0,0.0,0.0,0.0,0.0,0.0,0.0,0.0,0.0,0.0,0.0,0.0,0.0,0.0,0.0,0.0],[0.0,0.0,0.0,0.0,0.0,0.0,0.0,0.0,0.0,0.0,0.0,0.0,0.03523489932885906,0.0,0.0,0.0,0.0,0.0,0.0,0.0,0.0,0.0,0.0,0.0,0.0,0.0,0.0,0.0,0.0,0.0,1.0,0.0670926517571885,0.0,0.0,0.0,0.0,0.0,0.0,0.0,0.0,0.0,0.0,0.0,0.0,0.0,0.0,0.0,0.0,0.0,0.0,0.0,0.0,0.0,0.0,0.0,0.0,0.0,0.0,0.03496503496503497,0.0,0.0,0.0,0.0,0.0,0.0,0.0,0.0,0.0,0.0,0.0,0.0,0.0,0.0,0.0,0.0,0.0,0.0,0.0],[0.0,0.0,0.0,0.0,0.0,0.0,0.0,0.0,0.0,0.0,0.0,0.0,0.020989505247376312,0.0,0.0,0.0,0.0,0.0,0.0,0.0,0.0,0.0,0.0,0.0,0.0,0.0,0.0,0.0,0.005819592628516004,0.041811846689895474,0.0670926517571885,1.0,0.0,0.005502063273727648,0.0,0.0,0.0,0.0,0.0,0.0,0.0,0.0,0.0,0.0,0.0,0.0,0.0,0.0,0.0,0.0,0.0,0.0,0.0,0.0,0.0,0.0,0.0,0.0,0.04477611940298507,0.0,0.0,0.0,0.0,0.0,0.0,0.0,0.0,0.0,0.0,0.0,0.0,0.0,0.0,0.0,0.0,0.0,0.0,0.0],[0.0,0.0,0.0,0.0,0.0,0.0,0.0,0.0,0.0,0.0,0.0,0.0,0.0,0.0,0.0,0.0,0.0,0.0,0.0,0.0,0.0,0.0,0.0,0.0,0.0,0.0,0.0,0.0,0.0,0.0,0.0,0.0,1.0,0.0,0.0,0.0,0.0,0.0,0.0,0.0,0.0,0.0,0.0,0.0,0.0,0.0,0.0,0.0,0.0,0.0,0.0,0.0,0.0,0.0,0.0,0.0,0.0,0.0,0.0,0.0,0.0,0.0,0.0,0.0,0.0,0.0,0.0,0.0,0.0,0.0,0.0,0.0,0.0,0.0,0.0,0.0,0.0,0.0],[0.0,0.03720508166969147,0.0,0.016556291390728478,0.0,0.0,0.0,0.014858841010401188,0.0,0.013966480446927373,0.0,0.0,0.012175324675324676,0.034039020340390205,0.014591439688715954,0.0,0.004935834155972359,0.0,0.026912181303116147,0.0,0.0076481835564053535,0.0019111323459149545,0.013568521031207599,0.036807705538355696,0.0,0.024946759963492545,0.021702271956595458,0.0,0.23218450375745012,0.005758157389635317,0.0,0.005502063273727648,0.0,1.0,0.013908205841446454,0.014354066985645933,0.0,0.013580805794477138,0.0,0.027162557459256165,0.0,0.015688032272523533,0.005925925925925926,0.0,0.0,0.0,0.0,0.0,0.0,0.0,0.014177693761814745,0.01303780964797914,0.014985014985014986,0.014416146083613647,0.03107074569789675,0.001937046004842615,0.014584346135148274,0.005970149253731343,0.029627047751829907,0.030542210020590255,0.0,0.04081632653061224,0.0,0.0,0.009683666881859263,0.004094631483166515,0.0,0.02723558783477077,0.0,0.0,0.02453416149068323,0.012594458438287154,0.030162412993039442,0.0,0.02570093457943925,0.0,0.0,0.026017029328287606],[0.0,0.02356902356902357,0.0,0.051194539249146756,0.0,0.0,0.0,0.0,0.0,0.0,0.0,0.0,0.0,0.017006802721088437,0.0425531914893617,0.0,0.0,0.0,0.0,0.0,0.0,0.0,0.02564102564102564,0.04143646408839779,0.0,0.013642564802182811,0.03546099290780142,0.0,0.019627085377821395,0.0,0.0,0.0,0.0,0.013908205841446454,1.0,0.03717472118959108,0.0,0.02577319587628866,0.0,0.026223776223776224,0.0,0.0,0.0,0.0,0.0,0.0,0.0,0.0,0.0,0.0,0.03389830508474576,0.0,0.0,0.0,0.03690036900369004,0.0,0.0,0.0,0.02385496183206107,0.03293687099725526,0.0,0.028578919769271106,0.0,0.0,0.007830853563038372,0.0,0.0,0.02617801047120419,0.0,0.0,0.007147962830593281,0.017825311942959002,0.12275449101796407,0.0,0.0,0.0,0.0,0.0],[0.0,0.02468265162200282,0.0,0.06637168141592921,0.0,0.0,0.0,0.0,0.0,0.0,0.0,0.0,0.0,0.019193857965451054,0.05952380952380952,0.0,0.0,0.0,0.0,0.0,0.0,0.0,0.030959752321981424,0.04416094210009813,0.0,0.014295925661186561,0.03770028275212064,0.0,0.020294266869609334,0.0,0.0,0.0,0.0,0.014354066985645933,0.03717472118959108,1.0,0.0,0.03115264797507788,0.0,0.0297029702970297,0.0,0.0,0.0,0.0,0.0,0.0,0.0,0.0,0.0,0.0,0.043859649122807015,0.0,0.0,0.0,0.049019607843137254,0.0,0.0,0.0,0.0254841997961264,0.009746588693957114,0.0,0.006672004270082733,0.0,0.0,0.008264462809917356,0.0,0.0,0.031746031746031744,0.0,0.0,0.0075075075075075074,0.020242914979757085,0.056179775280898875,0.0,0.0,0.0,0.0,0.0],[0.0,0.0,0.0,0.0,0.0,0.0,0.0,0.0,0.0,0.0,0.0,0.0,0.0,0.0,0.0,0.0,0.0,0.0,0.0,0.0,0.0,0.0,0.0,0.0,0.0,0.0,0.0,0.0,0.0,0.0,0.0,0.0,0.0,0.0,0.0,0.0,1.0,0.0,0.0,0.0,0.0,0.0,0.0,0.0,0.0,0.0,0.0,0.0,0.0,0.0,0.0,0.0,0.0,0.0,0.0,0.0,0.0,0.0,0.0,0.0,0.0,0.0,0.0,0.0,0.0,0.0,0.0,0.0,0.0,0.0,0.0,0.0,0.0,0.0,0.0,0.0,0.0,0.0],[0.0,0.02277163305139883,0.0,0.043478260869565216,0.0,0.0,0.0,0.0,0.0,0.0,0.0,0.0,0.0,0.015625,0.03484320557491289,0.0,0.0,0.0,0.0,0.0,0.0,0.0,0.02262443438914027,0.03954305799648506,0.0,0.013175230566534914,0.03389830508474576,0.0,0.019138755980861243,0.0,0.0,0.0,0.0,0.013580805794477138,0.02577319587628866,0.03115264797507788,0.0,1.0,0.0,0.02403846153846154,0.0,0.0,0.0,0.0,0.0,0.0,0.0,0.0,0.0,0.0,0.02881844380403458,0.0,0.0,0.0,0.030959752321981424,0.0,0.0,0.0,0.022727272727272728,0.008733624454148471,0.0,0.006466632177961717,0.0,0.0,0.007524454477050414,0.0,0.0,0.02304147465437788,0.0,0.0,0.006891798759476223,0.01631321370309951,0.038860103626943004,0.0,0.0,0.0,0.0,0.0],[0.0,0.0,0.0,0.0,0.0,0.0,0.0,0.0,0.0,0.0,0.0,0.0,0.0,0.0,0.0,0.0,0.0,0.0,0.0,0.0,0.0,0.0,0.0,0.0,0.0,0.0,0.0,0.0,0.0,0.0,0.0,0.0,0.0,0.0,0.0,0.0,0.0,0.0,0.0,0.0,0.0,0.0,0.0,0.0,0.0,0.0,0.0,0.0,0.0,0.0,0.0,0.0,0.0,0.0,0.0,0.0,0.0,0.0,0.0,0.0,0.0,0.0,0.0,0.0,0.0,0.0,0.0,0.0,0.0,0.0,0.0,0.0,0.0,0.0,0.0,0.0,0.0,0.0],[0.0,0.06449738524113888,0.0,0.03780718336483932,0.0,0.0,0.0,0.02304147465437788,0.0,0.017761989342806393,0.0,0.0,0.011376564277588168,0.04247572815533981,0.03184713375796178,0.0,0.0,0.0,0.04690431519699812,0.0,0.027613412228796843,0.0,0.03354632587859425,0.0453857791225416,0.0,0.12044653349001175,0.032991202346041054,0.0,0.028583992963940194,0.0,0.0,0.0,0.0,0.027162557459256165,0.026223776223776224,0.0297029702970297,0.0,0.02403846153846154,0.0,1.0,0.0,0.02321981424148607,0.0,0.0,0.0,0.0,0.0,0.0,0.0,0.0,0.02824858757062147,0.013966480446927373,0.023980815347721823,0.020161290322580645,0.05917159763313609,0.0,0.0211864406779661,0.0,0.03894080996884735,0.03762227238525207,0.0,0.025925925925925925,0.0,0.0,0.00991407799074686,0.0,0.0,0.07605177993527508,0.0,0.0,0.024464831804281346,0.018820577164366373,0.05263157894736842,0.0,0.06306306306306306,0.0,0.0,0.0661625708884688],[0.0,0.010329244673983214,0.0,0.0,0.0,0.0,0.0,0.0,0.0,0.0,0.0,0.0,0.0,0.0,0.0,0.0,0.0,0.06962025316455696,0.0,0.0,0.0,0.0,0.0,0.0,0.0,0.0,0.0,0.0,0.0,0.0,0.0,0.0,0.0,0.0,0.0,0.0,0.0,0.0,0.0,0.0,1.0,0.03375527426160337,0.0,0.0,0.0,0.0,0.0,0.0,0.0,0.0,0.0,0.0,0.0,0.04938271604938271,0.07164179104477612,0.0,0.0,0.0,0.0,0.0,0.0,0.0,0.0,0.0,0.0,0.036281179138321996,0.0,0.02242152466367713,0.0,0.0,0.0,0.016,0.0,0.052980132450331126,0.0,0.0,0.01564945226917058,0.04481792717086835],[0.0,0.05131494547787043,0.0,0.0,0.0,0.0,0.0,0.05514705882352941,0.0,0.03740648379052369,0.0,0.0,0.02092050209205021,0.2583081570996979,0.0,0.0,0.0,0.0,0.08086253369272237,0.0,0.0,0.0,0.0,0.01293103448275862,0.0,0.00974025974025974,0.0,0.0,0.011837121212121212,0.0,0.0,0.0,0.0,0.015688032272523533,0.0,0.0,0.0,0.0,0.0,0.02321981424148607,0.03375527426160337,1.0,0.1223021582733813,0.0,0.0,0.0,0.0,0.0,0.0,0.0,0.0,0.02707581227436823,0.058823529411764705,0.11976047904191617,0.1536231884057971,0.0,0.07741935483870968,0.0,0.030303030303030304,0.049700085689802914,0.0,0.0205761316872428,0.0,0.0,0.0,0.03547671840354767,0.0,0.05482456140350877,0.0,0.0,0.028513238289205704,0.015748031496062992,0.03676470588235294,0.05128205128205128,0.1628498727735369,0.0,0.015408320493066256,0.17438692098092642],[0.0,0.0,0.0,0.0,0.0,0.0,0.0,0.0,0.0,0.0,0.0,0.0,0.0,0.0,0.0,0.0,0.0,0.0,0.0,0.0,0.04316546762589928,0.0,0.0,0.0,0.0,0.008995502248875561,0.0,0.0,0.0,0.0,0.0,0.0,0.0,0.005925925925925926,0.0,0.0,0.0,0.0,0.0,0.0,0.0,0.1223021582733813,1.0,0.0,0.0,0.0,0.0,0.0,0.0,0.0,0.0,0.0,0.0,0.0,0.0,0.0,0.0,0.0,0.0,0.0,0.0,0.0,0.0,0.0,0.0,0.0,0.0,0.0,0.0,0.0,0.0,0.0,0.0,0.0,0.0,0.0,0.0,0.0],[0.0,0.0,0.0,0.0,0.0,0.0,0.0,0.0,0.0,0.0,0.0,0.0,0.0,0.0,0.0,0.0,0.0,0.0,0.0,0.0,0.0,0.0,0.0,0.0,0.0,0.0,0.0,0.0,0.0,0.0,0.0,0.0,0.0,0.0,0.0,0.0,0.0,0.0,0.0,0.0,0.0,0.0,0.0,1.0,0.0,0.0,0.0,0.0,0.0,0.0,0.0,0.0,0.0,0.0,0.0,0.0,0.0,0.0,0.0,0.0,0.0,0.0,0.0,0.0,0.0,0.0,0.0,0.0,0.0,0.0,0.0,0.0,0.0,0.0,0.0,0.0,0.0,0.0],[0.0,0.0,0.0,0.0,0.0,0.0,0.0,0.0,0.0,0.0,0.0,0.0,0.0,0.0,0.0,0.0,0.0,0.0,0.0,0.0,0.0,0.0,0.0,0.0,0.0,0.0,0.0,0.0,0.0,0.0,0.0,0.0,0.0,0.0,0.0,0.0,0.0,0.0,0.0,0.0,0.0,0.0,0.0,0.0,1.0,0.0,0.0,0.0,0.0,0.0,0.0,0.0,0.0,0.0,0.0,0.0,0.0,0.0,0.0,0.0,0.0,0.0,0.0,0.0,0.0,0.0,0.0,0.0,0.0,0.0,0.0,0.0,0.0,0.0,0.0,0.0,0.0,0.0],[0.0,0.0,0.0,0.0,0.0,0.0,0.0,0.0,0.0,0.0,0.0,0.0,0.0,0.0,0.0,0.0,0.0,0.0,0.0,0.0,0.0,0.0,0.0,0.0,0.0,0.0,0.0,0.0,0.016585365853658537,0.0,0.0,0.0,0.0,0.0,0.0,0.0,0.0,0.0,0.0,0.0,0.0,0.0,0.0,0.0,0.0,1.0,0.0,0.0,0.0,0.0,0.0,0.0,0.0,0.0,0.0,0.0,0.0,0.0,0.0,0.0,0.0,0.0,0.0,0.0,0.0,0.0,0.0,0.0,0.0,0.0,0.0,0.0,0.0,0.0,0.0,0.0,0.0,0.0],[0.0,0.0,0.0,0.0,0.0,0.0,0.0,0.0,0.0,0.0,0.0,0.0,0.0,0.0,0.0,0.0,0.0,0.0,0.0,0.0,0.0,0.0,0.0,0.0,0.0,0.0,0.0,0.0,0.0,0.0,0.0,0.0,0.0,0.0,0.0,0.0,0.0,0.0,0.0,0.0,0.0,0.0,0.0,0.0,0.0,0.0,1.0,0.0,0.0,0.0,0.0,0.0,0.0,0.0,0.0,0.0,0.0,0.0,0.0,0.0,0.0,0.0,0.0,0.0,0.0,0.0,0.0,0.0,0.0,0.0,0.0,0.0,0.0,0.0,0.0,0.0,0.0,0.0],[0.0,0.0,0.0,0.0,0.0,0.0,0.0,0.0,0.0,0.0,0.0,0.0,0.0,0.0,0.0,0.0,0.0,0.0,0.0,0.0,0.0,0.0,0.0,0.0,0.0,0.0,0.0,0.0,0.0,0.0,0.0,0.0,0.0,0.0,0.0,0.0,0.0,0.0,0.0,0.0,0.0,0.0,0.0,0.0,0.0,0.0,0.0,1.0,0.0,0.0,0.0,0.0,0.0,0.0,0.0,0.0,0.0,0.0,0.0,0.0,0.0,0.0,0.0,0.0,0.0,0.0,0.0,0.0,0.0,0.0,0.0,0.0,0.0,0.0,0.0,0.0,0.0,0.0],[0.0,0.0,0.0,0.0,0.0,0.0,0.0,0.0,0.0,0.0,0.0,0.0,0.0,0.0,0.0,0.0,0.0,0.0,0.0,0.0,0.0,0.0,0.0,0.0,0.0,0.0,0.0,0.0,0.0,0.0,0.0,0.0,0.0,0.0,0.0,0.0,0.0,0.0,0.0,0.0,0.0,0.0,0.0,0.0,0.0,0.0,0.0,0.0,1.0,0.0,0.0,0.0,0.0,0.0,0.0,0.0,0.0,0.0,0.0,0.016985138004246284,0.0,0.006552006552006552,0.0,0.0,0.0,0.0,0.0,0.0,0.0,0.0,0.0,0.0,0.0,0.1839080459770115,0.0,0.0,0.0,0.0],[0.0,0.0,0.0,0.0,0.0,0.0,0.0,0.0,0.0,0.0,0.0,0.0,0.0,0.0,0.0,0.0,0.0,0.0,0.0,0.0,0.0,0.0,0.18115942028985507,0.0,0.0,0.0,0.0,0.0,0.0,0.0,0.0,0.0,0.0,0.0,0.0,0.0,0.0,0.0,0.0,0.0,0.0,0.0,0.0,0.0,0.0,0.0,0.0,0.0,0.0,1.0,0.0,0.0,0.0,0.0,0.0,0.0,0.0,0.0,0.0,0.0,0.0,0.0,0.0,0.0,0.0,0.0,0.0,0.0,0.0,0.0,0.0,0.0,0.0,0.0,0.0,0.0,0.0,0.0],[0.0,0.024238227146814405,0.0,0.05952380952380952,0.0,0.0,0.0,0.0,0.0,0.0,0.0,0.0,0.0,0.08957952468007313,0.05154639175257732,0.0,0.0,0.0,0.0,0.0,0.0,0.0,0.02865329512893983,0.0430622009569378,0.0,0.014035087719298246,0.03679852805887764,0.0,0.020030045067601403,0.0,0.0,0.0,0.0,0.014177693761814745,0.03389830508474576,0.043859649122807015,0.0,0.02881844380403458,0.0,0.02824858757062147,0.0,0.0,0.0,0.0,0.0,0.0,0.0,0.0,0.0,0.0,1.0,0.0,0.0,0.0,0.043478260869565216,0.0,0.0,0.0,0.024826216484607744,0.009505703422053232,0.0,0.0066260270341902995,0.0,0.0,0.008090614886731391,0.0,0.0,0.02932551319648094,0.0,0.0,0.007363770250368188,0.019230769230769232,0.051194539249146756,0.0,0.0,0.0,0.0,0.0],[0.0,0.021485573971761818,0.0,0.0,0.0,0.0,0.0,0.029239766081871343,0.0,0.021231422505307854,0.022792022792022793,0.0,0.012706480304955527,0.0273224043715847,0.0,0.0,0.0,0.0,0.05668934240362812,0.02956989247311828,0.0,0.04807692307692308,0.0,0.008130081300813009,0.0,0.006211180124223602,0.0,0.0,0.00916590284142988,0.0,0.0,0.0,0.0,0.01303780964797914,0.0,0.0,0.0,0.0,0.0,0.013966480446927373,0.0,0.02707581227436823,0.0,0.0,0.0,0.0,0.0,0.0,0.0,0.0,0.0,1.0,0.03076923076923077,0.024752475247524754,0.03614457831325301,0.0,0.02631578947368421,0.0,0.02348993288590604,0.034761519805982216,0.028639618138424822,0.021980798383021728,0.0,0.020671834625323,0.005629838142153413,0.0,0.0,0.019011406844106463,0.0,0.0,0.02138690861957226,0.0,0.02092050209205021,0.020942408376963352,0.0755939524838013,0.0,0.0,0.08009153318077804],[0.0,0.02631578947368421,0.0,0.0,0.0,0.0,0.0,0.23255813953488372,0.0,0.05813953488372093,0.0,0.0,0.020491803278688523,0.046189376443418015,0.0,0.0,0.0,0.0,0.176056338028169,0.0,0.0,0.0,0.0,0.010741138560687433,0.0,0.007627765064836003,0.0,0.0,0.010621348911311737,0.0,0.0,0.0,0.0,0.014985014985014986,0.0,0.0,0.0,0.0,0.0,0.023980815347721823,0.0,0.058823529411764705,0.0,0.0,0.0,0.0,0.0,0.0,0.0,0.0,0.0,0.03076923076923077,1.0,0.09523809523809523,0.12931034482758622,0.0,0.12345679012345678,0.0,0.022396416573348264,0.03731343283582089,0.0,0.020497403662202787,0.0,0.0,0.0,0.0,0.0,0.04405286343612335,0.0,0.0,0.02009646302250804,0.0,0.055865921787709494,0.0,0.21341463414634146,0.0,0.0,0.2536231884057971],[0.0,0.0511000709723208,0.0,0.0,0.0,0.0,0.0,0.08196721311475409,0.0,0.0398406374501992,0.0,0.0,0.01763668430335097,0.0390625,0.0,0.0,0.0,0.0,0.11312217194570136,0.0,0.0,0.0,0.0,0.009900990099009901,0.0,0.007194244604316547,0.0,0.0,0.010193679918450561,0.0,0.0,0.0,0.0,0.014416146083613647,0.0,0.0,0.0,0.0,0.0,0.020161290322580645,0.04938271604938271,0.11976047904191617,0.0,0.0,0.0,0.0,0.0,0.0,0.0,0.0,0.0,0.024752475247524754,0.09523809523809523,1.0,0.3333333333333333,0.0,0.1,0.0,0.026748971193415638,0.049164208456243856,0.0,0.020064205457463884,0.0,0.0,0.0,0.053156146179401995,0.0,0.06535947712418301,0.0,0.0,0.025699168556311415,0.020618556701030927,0.03875968992248062,0.09876543209876543,0.23045267489711935,0.0,0.02004008016032064,0.25806451612903225],[0.0,0.09014084507042254,0.0,0.06578947368421052,0.0,0.0,0.0,0.11278195488721804,0.0,0.05725190839694656,0.0,0.0,0.025951557093425604,0.06692160611854685,0.058823529411764705,0.0,0.0,0.0,0.12931034482758622,0.0,0.0,0.0,0.03076923076923077,0.058765915768854066,0.0,0.024982155603140613,0.03762935089369708,0.0,0.03294475418144957,0.0,0.0,0.0,0.0,0.03107074569789675,0.03690036900369004,0.049019607843137254,0.0,0.030959752321981424,0.0,0.05917159763313609,0.07164179104477612,0.1536231884057971,0.0,0.0,0.0,0.0,0.0,0.0,0.0,0.0,0.043478260869565216,0.03614457831325301,0.12931034482758622,0.3333333333333333,1.0,0.0,0.12280701754385964,0.0,0.056968463886063074,0.0632295719844358,0.0,0.028007468658308884,0.0,0.0,0.00825082508250825,0.07692307692307693,0.0,0.12618296529968454,0.0,0.0,0.03673163418290855,0.05040322580645161,0.11152416356877323,0.13872832369942195,0.24015748031496062,0.0,0.029411764705882353,0.2675438596491228],[0.0,0.002871500358937545,0.0,0.0,0.0,0.0,0.0,0.0,0.0,0.0,0.0,0.0,0.0,0.0,0.0,0.0,0.504424778761062,0.0,0.0,0.0,0.0,0.022222222222222223,0.0,0.0,0.0,0.0,0.003861003861003861,0.0,0.0020554984583761563,0.0,0.0,0.0,0.0,0.001937046004842615,0.0,0.0,0.0,0.0,0.0,0.0,0.0,0.0,0.0,0.0,0.0,0.0,0.0,0.0,0.0,0.0,0.0,0.0,0.0,0.0,0.0,1.0,0.0,0.0,0.0,0.03496503496503497,0.0,0.0,0.0,0.0,0.020253164556962026,0.0,0.0,0.0,0.0,0.0,0.026778882938026015,0.0,0.0,0.0,0.0,0.3076923076923077,0.0,0.0],[0.0,0.0664259927797834,0.0,0.0,0.016981132075471698,0.0,0.0,0.10204081632653061,0.0,0.04405286343612335,0.08411214953271028,0.0,0.01841620626151013,0.040983606557377046,0.0,0.0,0.0,0.0,0.12690355329949238,0.06,0.10526315789473684,0.06976744186046512,0.0,0.02231237322515213,0.0,0.007320644216691069,0.0,0.0,0.010319917440660475,0.0,0.0,0.0,0.0,0.014584346135148274,0.0,0.0,0.0,0.0,0.0,0.0211864406779661,0.0,0.07741935483870968,0.0,0.0,0.0,0.0,0.0,0.0,0.0,0.0,0.0,0.02631578947368421,0.12345679012345678,0.1,0.12280701754385964,0.0,1.0,0.0,0.03375527426160337,0.06545820745216516,0.0,0.035541195476575124,0.0,0.0,0.0,0.05415162454873646,0.0,0.07801418439716312,0.0,0.0,0.03541185527328714,0.026030368763557483,0.042735042735042736,0.0,0.2557077625570776,0.0,0.0,0.47668393782383417],[0.0,0.0,0.0,0.0,0.0,0.0,0.0,0.0,0.0,0.0,0.0,0.0,0.0,0.0,0.0,0.0,0.20689655172413793,0.0,0.0,0.0,0.0,0.0,0.0,0.0,0.0,0.0,0.0,0.0,0.015864621893178214,0.0,0.0,0.0,0.0,0.005970149253731343,0.0,0.0,0.0,0.0,0.0,0.0,0.0,0.0,0.0,0.0,0.0,0.0,0.0,0.0,0.0,0.0,0.0,0.0,0.0,0.0,0.0,0.0,0.0,1.0,0.0,0.0,0.0,0.0,0.0,0.0,0.0,0.0,0.0,0.0,0.0,0.0,0.0,0.0,0.0,0.0,0.0,0.0,0.0,0.0],[0.0,0.05279927173418298,0.0,0.029850746268656716,0.0067064083457526085,0.0,0.0,0.02197802197802198,0.0,0.019249278152069296,0.018498367791077257,0.0,0.035424354243542434,0.04230769230769231,0.026399155227032733,0.0,0.0,0.0,0.03468780971258672,0.0350609756097561,0.018311291963377416,0.0508130081300813,0.022686025408348458,0.04449388209121246,0.0,0.025252525252525252,0.03641304347826087,0.0,0.03090909090909091,0.0,0.03496503496503497,0.04477611940298507,0.0,0.029627047751829907,0.02385496183206107,0.0254841997961264,0.0,0.022727272727272728,0.0,0.03894080996884735,0.0,0.030303030303030304,0.0,0.0,0.0,0.0,0.0,0.0,0.0,0.0,0.024826216484607744,0.02348993288590604,0.022396416573348264,0.026748971193415638,0.056968463886063074,0.0,0.03375527426160337,0.0,1.0,0.059833795013850416,0.02127659574468085,0.04551480335837384,0.0,0.008376963350785341,0.016591251885369532,0.01928374655647383,0.0,0.05210237659963437,0.0,0.0,0.04216011369019422,0.03377847604084839,0.04780114722753346,0.008421052631578947,0.06401551891367604,0.0,0.0,0.06567164179104477],[0.0,0.05753791257805531,0.0,0.014285714285714285,0.012977649603460706,0.0,0.0,0.03664921465968586,0.0,0.03228782287822878,0.03630705394190872,0.0,0.025,0.040892193308550186,0.010080645161290322,0.0,0.010395010395010396,0.0,0.04743833017077799,0.04716285924834193,0.026264591439688716,0.05539358600583091,0.008718395815170008,0.04340748779164406,0.0,0.024741340530814216,0.023342175066312996,0.0,0.03184257602862254,0.0,0.0,0.0,0.0,0.030542210020590255,0.03293687099725526,0.009746588693957114,0.0,0.008733624454148471,0.0,0.03762227238525207,0.0,0.049700085689802914,0.0,0.0,0.0,0.0,0.0,0.0,0.016985138004246284,0.0,0.009505703422053232,0.034761519805982216,0.03731343283582089,0.049164208456243856,0.0632295719844358,0.03496503496503497,0.06545820745216516,0.0,0.059833795013850416,1.0,0.011627906976744186,0.07656967840735068,0.0,0.008,0.01327433628318584,0.04497354497354497,0.0,0.05794556628621598,0.0,0.0,0.29684601113172543,0.023520485584218515,0.06966086159486709,0.024120603015075376,0.08364312267657993,0.021739130434782608,0.009009009009009009,0.08571428571428572],[0.0,0.0,0.0,0.0,0.0,0.0,0.0,0.0,0.0,0.0,0.0821917808219178,0.0,0.0,0.0,0.0,0.0,0.0,0.0,0.0,0.03710575139146568,0.0,0.15639810426540285,0.0,0.0,0.0,0.0,0.0,0.0,0.0,0.0,0.0,0.0,0.0,0.0,0.0,0.0,0.0,0.0,0.0,0.0,0.0,0.0,0.0,0.0,0.0,0.0,0.0,0.0,0.0,0.0,0.0,0.028639618138424822,0.0,0.0,0.0,0.0,0.0,0.0,0.02127659574468085,0.011627906976744186,1.0,0.004263256061817213,0.0,0.06593406593406594,0.009868421052631578,0.0,0.0,0.0,0.0,0.0,0.008968609865470852,0.0,0.0,0.06779661016949153,0.0,0.0,0.0,0.0],[0.0,0.041708643965343545,0.0,0.013259082471492973,0.015335929892891918,0.0,0.0,0.020402611534276388,0.0,0.01971090670170828,0.026051560379918588,0.0,0.01819946614899296,0.03590752582390556,0.006733099919202801,0.0,0.0,0.0,0.03337748344370861,0.037518391368317805,0.020005334755934915,0.0304,0.006463288521199586,0.044697633654688866,0.0,0.022249190938511326,0.013243595310464611,0.0,0.0415155910079768,0.0,0.0,0.0,0.0,0.04081632653061224,0.028578919769271106,0.006672004270082733,0.0,0.006466632177961717,0.0,0.025925925925925925,0.0,0.0205761316872428,0.0,0.0,0.0,0.0,0.0,0.0,0.006552006552006552,0.0,0.0066260270341902995,0.021980798383021728,0.020497403662202787,0.020064205457463884,0.028007468658308884,0.0,0.035541195476575124,0.0,0.04551480335837384,0.07656967840735068,0.004263256061817213,1.0,0.0,0.0032249395323837677,0.0077812828601472135,0.0324254215304799,0.0021810250817884407,0.0461139896373057,0.0,0.0,0.04633996309206479,0.02698687794008418,0.05666316894018888,0.00968783638320775,0.02633658151171978,0.0,0.0019738465334320256,0.03606470432246089],[0.0,0.0,0.0,0.0,0.0,0.0,0.0,0.0,0.0,0.0,0.0,0.0,0.0,0.0,0.0,0.0,0.0,0.0,0.0,0.0,0.0,0.0,0.0,0.0,0.0,0.0,0.0,0.0,0.0,0.0,0.0,0.0,0.0,0.0,0.0,0.0,0.0,0.0,0.0,0.0,0.0,0.0,0.0,0.0,0.0,0.0,0.0,0.0,0.0,0.0,0.0,0.0,0.0,0.0,0.0,0.0,0.0,0.0,0.0,0.0,0.0,0.0,1.0,0.0,0.0,0.0,0.0,0.0,0.0,0.0,0.0,0.0,0.0,0.0,0.0,0.0,0.0,0.0],[0.0,0.0,0.0,0.0,0.0,0.0,0.0,0.0,0.0,0.0,0.14035087719298245,0.0,0.0,0.0,0.0,0.0,0.0,0.0,0.0,0.03155818540433925,0.0,0.11173184357541899,0.0,0.0,0.0,0.0,0.0,0.0,0.0,0.0,0.0,0.0,0.0,0.0,0.0,0.0,0.0,0.0,0.0,0.0,0.0,0.0,0.0,0.0,0.0,0.0,0.0,0.0,0.0,0.0,0.0,0.020671834625323,0.0,0.0,0.0,0.0,0.0,0.0,0.008376963350785341,0.008,0.06593406593406594,0.0032249395323837677,0.0,1.0,0.006756756756756757,0.0,0.0,0.0,0.0,0.0,0.006125574272588055,0.0,0.0,0.05517241379310345,0.0,0.0,0.0,0.0],[0.0,0.019373454245671887,0.0,0.012155591572123177,0.0,0.0,0.0,0.0,0.0,0.0,0.006968641114982578,0.0,0.04924242424242424,0.006540222367560497,0.008503401360544218,0.0,0.007853403141361256,0.0,0.0,0.010382868267358857,0.0,0.016488046166529265,0.007513148009015778,0.028120374938332512,0.0,0.008309098462816784,0.01933301111648139,0.0,0.01342732460557234,0.0,0.0,0.0,0.0,0.009683666881859263,0.007830853563038372,0.008264462809917356,0.0,0.007524454477050414,0.0,0.00991407799074686,0.0,0.0,0.0,0.0,0.0,0.0,0.0,0.0,0.0,0.0,0.008090614886731391,0.005629838142153413,0.0,0