{"classNames":["net.sf.jftp.CommandLine","net.sf.jftp.JFtp","net.sf.jftp.config.LoadSet","net.sf.jftp.config.SaveSet","net.sf.jftp.config.Settings","net.sf.jftp.event.Acceptor","net.sf.jftp.event.Event","net.sf.jftp.event.EventCollector","net.sf.jftp.event.EventHandler","net.sf.jftp.event.EventProcessor","net.sf.jftp.event.FtpEvent","net.sf.jftp.event.FtpEventConstants","net.sf.jftp.event.FtpEventHandler","net.sf.jftp.gui.AppMenuBar","net.sf.jftp.gui.AutoRemover","net.sf.jftp.gui.Creator","net.sf.jftp.gui.Dir","net.sf.jftp.gui.DirCanvas","net.sf.jftp.gui.DirCellRenderer","net.sf.jftp.gui.DirEntry","net.sf.jftp.gui.DirLister","net.sf.jftp.gui.DirPanel","net.sf.jftp.gui.Displayer","net.sf.jftp.gui.DownloadList","net.sf.jftp.gui.FtpHost","net.sf.jftp.gui.HostChooser","net.sf.jftp.gui.HostList","net.sf.jftp.gui.LoadPanel","net.sf.jftp.gui.LocalDir","net.sf.jftp.gui.NameChooser","net.sf.jftp.gui.PathChanger","net.sf.jftp.gui.Properties","net.sf.jftp.gui.RemoteCommand","net.sf.jftp.gui.RemoteDir","net.sf.jftp.gui.Remover","net.sf.jftp.gui.RemoverQuery","net.sf.jftp.gui.Renamer","net.sf.jftp.gui.ResumeDialog","net.sf.jftp.gui.SftpHostChooser","net.sf.jftp.gui.SmbHostChooser","net.sf.jftp.gui.StatusCanvas","net.sf.jftp.gui.StatusPanel","net.sf.jftp.gui.Template","net.sf.jftp.gui.TransferComponent","net.sf.jftp.gui.Updater","net.sf.jftp.gui.ZipFileCreator","net.sf.jftp.gui.framework.BorderPanel","net.sf.jftp.gui.framework.GUIDefaults","net.sf.jftp.gui.framework.HButton","net.sf.jftp.gui.framework.HFrame","net.sf.jftp.gui.framework.HImage","net.sf.jftp.gui.framework.HImageButton","net.sf.jftp.gui.framework.HPanel","net.sf.jftp.gui.framework.HPasswordField","net.sf.jftp.gui.framework.HTextField","net.sf.jftp.net.BasicConnection","net.sf.jftp.net.ConnectionHandler","net.sf.jftp.net.ConnectionListener","net.sf.jftp.net.DataConnection","net.sf.jftp.net.FilesystemConnection","net.sf.jftp.net.FtpClient","net.sf.jftp.net.FtpConnection","net.sf.jftp.net.FtpConstants","net.sf.jftp.net.FtpServer","net.sf.jftp.net.FtpServerSocket","net.sf.jftp.net.FtpURLConnection","net.sf.jftp.net.FtpURLStreamHandler","net.sf.jftp.net.JConnection","net.sf.jftp.net.SftpConnection","net.sf.jftp.net.SftpVerification","net.sf.jftp.net.SmbConnection","net.sf.jftp.net.Transfer","net.sf.jftp.util.LocalIO","net.sf.jftp.util.Log","net.sf.jftp.util.Log4JLogger","net.sf.jftp.util.Logger","net.sf.jftp.util.StringUtils","net.sf.jftp.util.SystemLogger"],"values":[[0.0,0.0,0.0,0.0,0.0,0.0,0.0,0.0,0.0,0.0,0.0,0.0,0.0,0.0,0.0,0.0,0.0,0.0,0.0,0.0,0.0,0.0,0.0,0.0,0.0,0.0,0.0,0.0,0.0,0.0,0.0,0.0,0.0,0.0,0.0,0.0,0.0,0.0,0.0,0.0,0.0,0.0,0.0,0.0,0.0,0.0,0.0,0.0,0.0,0.0,0.0,0.0,0.0,0.0,0.0,0.0,0.0,0.0,0.0,0.0,0.0,0.0,0.0,0.0,0.0,0.0,0.0,0.0,0.0,0.0,0.0,0.0,0.0,0.0,0.0,0.0,0.0,0.0],[0.0,1.0,0.0,0.0,0.26722152703860197,0.0,0.0,0.0,0.0,0.0,0.2672612419124244,0.0,0.0,0.0,0.0,0.0,0.2672612419124244,0.2672612419124244,0.0,0.2182178902359924,0.2672612419124244,0.2672612419124244,0.1889822365046136,0.15430334996209194,0.2672612419124244,0.0,0.38151351305936765,0.0,0.2828894749305018,0.0,0.2672612419124244,0.1889822365046136,0.0,0.28319693016191544,0.2672612419124244,0.2672612419124244,0.2672612419124244,0.0,0.0,0.0,0.3086066999241839,0.0,0.0,0.0,0.0,0.0,0.0,0.0,0.0,0.0,0.0,0.13181243254912406,0.0,0.1889822365046136,0.1889822365046136,0.2672612419124244,0.0,0.2672612419124244,0.26082026547865056,0.25928148942086576,0.2672612419124244,0.26694401777462007,0.2672612419124244,0.0,0.2326210525996177,0.2672612419124244,0.0,0.11952286093343936,0.26120925937933565,0.0,0.26562660124542986,0.2654243731222853,0.0,0.0,0.0,0.2672612419124244,0.0,0.0],[0.0,0.0,0.0,0.0,0.0,0.0,0.0,0.0,0.0,0.0,0.0,0.0,0.0,0.0,0.0,0.0,0.0,0.0,0.0,0.0,0.0,0.0,0.0,0.0,0.0,0.0,0.0,0.0,0.0,0.0,0.0,0.0,0.0,0.0,0.0,0.0,0.0,0.0,0.0,0.0,0.0,0.0,0.0,0.0,0.0,0.0,0.0,0.0,0.0,0.0,0.0,0.0,0.0,0.0,0.0,0.0,0.0,0.0,0.0,0.0,0.0,0.0,0.0,0.0,0.0,0.0,0.0,0.0,0.0,0.0,0.0,0.0,0.0,0.0,0.0,0.0,0.0,0.0],[0.0,0.0,0.0,1.0,0.0,0.0,0.0,0.0,0.0,0.0,0.0,0.0,0.0,0.0,0.0,0.0,0.0,0.0,0.0,0.0,0.0,0.0,0.0,0.0,0.0,0.0,0.0,0.0,0.0,0.0,0.0,0.0,0.0,0.0,0.0,0.0,0.0,0.0,0.0,0.0,0.0,0.0,0.0,0.0,0.0,0.0,0.0,0.0,0.0,0.0,0.0,0.0,0.0,0.0,0.0,0.0,0.0,0.0,0.0,0.0,0.0,0.0,0.0,0.0,0.0,0.0,0.0,0.4472135954999579,0.0,0.0,0.0,0.0,0.0,0.0,0.0,0.0,0.0,0.0],[0.0,0.26722152703860197,0.0,0.0,1.0,0.0,0.0,0.0,0.0,0.0,0.9998514005489976,0.0,0.0,0.0,0.0,0.0,0.9998514005489976,0.0,0.0,0.40818762499202743,0.9998514005489976,0.9998514005489976,0.0,0.5772644752565881,0.9998514005489976,0.0,0.7929337386878897,0.0,0.96210745876098,0.0,0.9998514005489976,0.7070017055070631,0.0,0.9270348725987643,0.9998514005489976,0.9998514005489976,0.9998514005489976,0.0,0.0,0.0,0.28863223762829404,0.0,0.0,0.0,0.0,0.0,0.0,0.0,0.0,0.0,0.0,0.4931236731182951,0.0,0.0,0.0,0.9998514005489976,0.0,0.9998514005489976,0.9757550547334598,0.9699983375024162,0.9998514005489976,0.9986646328897516,0.9998514005489975,0.0,0.870258940557955,0.9998514005489976,0.0,0.44714713980518583,0.9772103203515569,0.0,0.993736044096286,0.9929794881860102,0.0,0.0,0.0,0.9998514005489976,0.0,0.0],[0.0,0.0,0.0,0.0,0.0,0.0,0.0,0.0,0.0,0.0,0.0,0.0,0.0,0.0,0.0,0.0,0.0,0.0,0.0,0.0,0.0,0.0,0.0,0.0,0.0,0.0,0.0,0.0,0.0,0.0,0.0,0.0,0.0,0.0,0.0,0.0,0.0,0.0,0.0,0.0,0.0,0.0,0.0,0.0,0.0,0.0,0.0,0.0,0.0,0.0,0.0,0.0,0.0,0.0,0.0,0.0,0.0,0.0,0.0,0.0,0.0,0.0,0.0,0.0,0.0,0.0,0.0,0.0,0.0,0.0,0.0,0.0,0.0,0.0,0.0,0.0,0.0,0.0],[0.0,0.0,0.0,0.0,0.0,0.0,0.0,0.0,0.0,0.0,0.0,0.0,0.0,0.0,0.0,0.0,0.0,0.0,0.0,0.0,0.0,0.0,0.0,0.0,0.0,0.0,0.0,0.0,0.0,0.0,0.0,0.0,0.0,0.0,0.0,0.0,0.0,0.0,0.0,0.0,0.0,0.0,0.0,0.0,0.0,0.0,0.0,0.0,0.0,0.0,0.0,0.0,0.0,0.0,0.0,0.0,0.0,0.0,0.0,0.0,0.0,0.0,0.0,0.0,0.0,0.0,0.0,0.0,0.0,0.0,0.0,0.0,0.0,0.0,0.0,0.0,0.0,0.0],[0.0,0.0,0.0,0.0,0.0,0.0,0.0,1.0,0.0,0.7071067811865475,0.0,0.0,0.0,0.0,0.0,0.0,0.0,0.0,0.0,0.0,0.0,0.0,0.0,0.0,0.0,0.0,0.0,0.0,0.0,0.0,0.0,0.0,0.0,0.0,0.0,0.0,0.0,0.0,0.0,0.0,0.0,0.0,0.0,0.0,0.0,0.0,0.0,0.0,0.0,0.0,0.0,0.0,0.0,0.0,0.0,0.0,0.0,0.0,0.0,0.0,0.0,0.0,0.0,0.0,0.0,0.0,0.0,0.0,0.12216944435630522,0.0,0.11043152607484653,0.0827605888602368,0.0,0.0,0.0,0.0,0.0,0.0],[0.0,0.0,0.0,0.0,0.0,0.0,0.0,0.0,0.0,0.0,0.0,0.0,0.0,0.0,0.0,0.0,0.0,0.0,0.0,0.0,0.0,0.0,0.0,0.0,0.0,0.0,0.0,0.0,0.0,0.0,0.0,0.0,0.0,0.0,0.0,0.0,0.0,0.0,0.0,0.0,0.0,0.0,0.0,0.0,0.0,0.0,0.0,0.0,0.0,0.0,0.0,0.0,0.0,0.0,0.0,0.0,0.0,0.0,0.0,0.0,0.0,0.0,0.0,0.0,0.0,0.0,0.0,0.0,0.0,0.0,0.0,0.0,0.0,0.0,0.0,0.0,0.0,0.0],[0.0,0.0,0.0,0.0,0.0,0.0,0.0,0.7071067811865475,0.0,0.9999999999999998,0.0,0.0,0.4999999999999999,0.0,0.0,0.0,0.0,0.0,0.0,0.2886751345948129,0.0,0.0,0.0,0.40824829046386296,0.0,0.0,0.0,0.0,0.06804138174397716,0.0,0.0,0.0,0.0,0.09365858115816939,0.0,0.0,0.0,0.0,0.0,0.0,0.0,0.0,0.0,0.0,0.0,0.0,0.0,0.0,0.0,0.0,0.0,0.0,0.0,0.0,0.0,0.0,0.7071067811865475,0.0,0.0,0.0,0.0,0.0,0.0,0.0,0.12309149097933272,0.0,0.0,0.0,0.086386842558136,0.0,0.07808688094430302,0.05852057359806528,0.0,0.0,0.0,0.0,0.0,0.0],[0.0,0.2672612419124244,0.0,0.0,0.9998514005489976,0.0,0.0,0.0,0.0,0.0,1.0,0.0,0.0,0.0,0.0,0.0,1.0,0.0,0.0,0.4082482904638631,1.0,1.0,0.0,0.5773502691896258,1.0,0.0,0.7930515857181442,0.0,0.9622504486493763,0.0,1.0,0.7071067811865475,0.0,0.9271726499455306,1.0,1.0,1.0,0.0,0.0,0.0,0.2886751345948129,0.0,0.0,0.0,0.0,0.0,0.0,0.0,0.0,0.0,0.0,0.4931969619160719,0.0,0.0,0.0,1.0,0.0,1.0,0.9759000729485332,0.9701425001453319,1.0,0.9988130559615215,1.0,0.0,0.8703882797784892,1.0,0.0,0.4472135954999579,0.9773555548504418,0.0,0.9938837346736188,0.9931270663228415,0.0,0.0,0.0,1.0,0.0,0.0],[0.0,0.0,0.0,0.0,0.0,0.0,0.0,0.0,0.0,0.0,0.0,0.0,0.0,0.0,0.0,0.0,0.0,0.0,0.0,0.0,0.0,0.0,0.0,0.0,0.0,0.0,0.0,0.0,0.0,0.0,0.0,0.0,0.0,0.0,0.0,0.0,0.0,0.0,0.0,0.0,0.0,0.0,0.0,0.0,0.0,0.0,0.0,0.0,0.0,0.0,0.0,0.0,0.0,0.0,0.0,0.0,0.0,0.0,0.0,0.0,0.0,0.0,0.0,0.0,0.0,0.0,0.0,0.0,0.0,0.0,0.0,0.0,0.0,0.0,0.0,0.0,0.0,0.0],[0.0,0.0,0.0,0.0,0.0,0.0,0.0,0.0,0.0,0.4999999999999999,0.0,0.0,0.9999999999999998,0.0,0.0,0.0,0.0,0.0,0.0,0.2886751345948129,0.0,0.0,0.0,0.40824829046386296,0.0,0.0,0.0,0.0,0.06804138174397716,0.0,0.0,0.0,0.0,0.09365858115816939,0.0,0.0,0.0,0.0,0.0,0.0,0.0,0.0,0.0,0.0,0.0,0.0,0.0,0.0,0.0,0.0,0.0,0.0,0.0,0.0,0.0,0.0,0.7071067811865475,0.0,0.0,0.0,0.0,0.0,0.0,0.0,0.24618298195866545,0.0,0.0,0.0,0.0,0.0,0.0,0.0,0.0,0.0,0.0,0.0,0.0,0.0],[0.0,0.0,0.0,0.0,0.0,0.0,0.0,0.0,0.0,0.0,0.0,0.0,0.0,0.9999999999999999,0.0,0.0,0.0,0.0,0.0,0.0,0.0,0.0,0.0,0.0,0.0,0.0,0.0,0.0,0.0,0.0,0.0,0.0,0.0,0.0,0.0,0.0,0.0,0.0,0.0,0.0,0.0,0.0,0.0,0.0,0.0,0.0,0.0,0.0,0.0,0.0,0.0,0.0,0.0,0.0,0.0,0.0,0.0,0.0,0.0,0.0,0.0,0.0,0.0,0.0,0.0,0.0,0.0,0.0,0.0,0.0,0.0,0.0,0.0,0.0,0.0,0.0,0.0,0.0],[0.0,0.0,0.0,0.0,0.0,0.0,0.0,0.0,0.0,0.0,0.0,0.0,0.0,0.0,0.0,0.0,0.0,0.0,0.0,0.0,0.0,0.0,0.0,0.0,0.0,0.0,0.0,0.0,0.0,0.0,0.0,0.0,0.0,0.0,0.0,0.0,0.0,0.0,0.0,0.0,0.0,0.0,0.0,0.0,0.0,0.0,0.0,0.0,0.0,0.0,0.0,0.0,0.0,0.0,0.0,0.0,0.0,0.0,0.0,0.0,0.0,0.0,0.0,0.0,0.0,0.0,0.0,0.0,0.0,0.0,0.0,0.0,0.0,0.0,0.0,0.0,0.0,0.0],[0.0,0.0,0.0,0.0,0.0,0.0,0.0,0.0,0.0,0.0,0.0,0.0,0.0,0.0,0.0,0.0,0.0,0.0,0.0,0.0,0.0,0.0,0.0,0.0,0.0,0.0,0.0,0.0,0.0,0.0,0.0,0.0,0.0,0.0,0.0,0.0,0.0,0.0,0.0,0.0,0.0,0.0,0.0,0.0,0.0,0.0,0.0,0.0,0.0,0.0,0.0,0.0,0.0,0.0,0.0,0.0,0.0,0.0,0.0,0.0,0.0,0.0,0.0,0.0,0.0,0.0,0.0,0.0,0.0,0.0,0.0,0.0,0.0,0.0,0.0,0.0,0.0,0.0],[0.0,0.2672612419124244,0.0,0.0,0.9998514005489976,0.0,0.0,0.0,0.0,0.0,1.0,0.0,0.0,0.0,0.0,0.0,1.0,0.0,0.0,0.4082482904638631,1.0,1.0,0.0,0.5773502691896258,1.0,0.0,0.7930515857181442,0.0,0.9622504486493763,0.0,1.0,0.7071067811865475,0.0,0.9271726499455306,1.0,1.0,1.0,0.0,0.0,0.0,0.2886751345948129,0.0,0.0,0.0,0.0,0.0,0.0,0.0,0.0,0.0,0.0,0.4931969619160719,0.0,0.0,0.0,1.0,0.0,1.0,0.9759000729485332,0.9701425001453319,1.0,0.9988130559615215,1.0,0.0,0.8703882797784892,1.0,0.0,0.4472135954999579,0.9773555548504418,0.0,0.9938837346736188,0.9931270663228415,0.0,0.0,0.0,1.0,0.0,0.0],[0.0,0.2672612419124244,0.0,0.0,0.0,0.0,0.0,0.0,0.0,0.0,0.0,0.0,0.0,0.0,0.0,0.0,0.0,1.0,0.0,0.4082482904638631,0.0,0.0,0.0,0.0,0.0,0.0,0.31722063428725766,0.0,0.0,0.0,0.0,0.0,0.0,0.0,0.0,0.0,0.0,0.0,0.0,0.0,0.8660254037844387,0.0,0.0,0.0,0.0,0.0,0.0,0.0,0.0,0.0,0.0,0.0,0.0,0.7071067811865475,0.7071067811865475,0.0,0.0,0.0,0.0,0.0,0.0,0.0,0.0,0.0,0.0,0.0,0.0,0.0,0.0,0.0,0.0,0.0,0.0,0.0,0.0,0.0,0.0,0.0],[0.0,0.0,0.0,0.0,0.0,0.0,0.0,0.0,0.0,0.0,0.0,0.0,0.0,0.0,0.0,0.0,0.0,0.0,1.0,0.0,0.0,0.0,0.0,0.0,0.0,0.0,0.0,0.0,0.0,0.0,0.0,0.0,0.0,0.0,0.0,0.0,0.0,0.0,0.0,0.0,0.0,0.0,0.0,0.0,0.0,0.0,0.0,0.0,0.0,0.0,0.0,0.0,0.0,0.0,0.0,0.0,0.0,0.0,0.0,0.0,0.0,0.0,0.0,0.0,0.0,0.0,0.0,0.0,0.0,0.0,0.0,0.0,0.0,0.0,0.0,0.0,0.0,0.0],[0.0,0.2182178902359924,0.0,0.0,0.40818762499202743,0.0,0.0,0.0,0.0,0.2886751345948129,0.4082482904638631,0.0,0.2886751345948129,0.0,0.0,0.0,0.4082482904638631,0.4082482904638631,0.0,1.0000000000000002,0.4082482904638631,0.4082482904638631,0.0,0.47140452079103173,0.4082482904638631,0.0,0.4532667357667233,0.0,0.4321208107251124,0.0,0.4082482904638631,0.2886751345948129,0.0,0.43259045634870014,0.4082482904638631,0.4082482904638631,0.4082482904638631,0.0,0.0,0.0,0.5892556509887896,0.0,0.0,0.0,0.0,0.0,0.0,0.0,0.0,0.0,0.0,0.3355780276070122,0.0,0.2886751345948129,0.2886751345948129,0.4082482904638631,0.4082482904638631,0.4082482904638631,0.398409536444798,0.39605901719066977,0.4082482904638631,0.40776372258927795,0.4082482904638631,0.0,0.42640143271122094,0.4082482904638631,0.0,0.18257418583505536,0.39900373444305315,0.0,0.4057513356003445,0.40544242703969163,0.0,0.0,0.0,0.4082482904638631,0.0,0.0],[0.0,0.2672612419124244,0.0,0.0,0.9998514005489976,0.0,0.0,0.0,0.0,0.0,1.0,0.0,0.0,0.0,0.0,0.0,1.0,0.0,0.0,0.4082482904638631,1.0,1.0,0.0,0.5773502691896258,1.0,0.0,0.7930515857181442,0.0,0.9622504486493763,0.0,1.0,0.7071067811865475,0.0,0.9271726499455306,1.0,1.0,1.0,0.0,0.0,0.0,0.2886751345948129,0.0,0.0,0.0,0.0,0.0,0.0,0.0,0.0,0.0,0.0,0.4931969619160719,0.0,0.0,0.0,1.0,0.0,1.0,0.9759000729485332,0.9701425001453319,1.0,0.9988130559615215,1.0,0.0,0.8703882797784892,1.0,0.0,0.4472135954999579,0.9773555548504418,0.0,0.9938837346736188,0.9931270663228415,0.0,0.0,0.0,1.0,0.0,0.0],[0.0,0.2672612419124244,0.0,0.0,0.9998514005489976,0.0,0.0,0.0,0.0,0.0,1.0,0.0,0.0,0.0,0.0,0.0,1.0,0.0,0.0,0.4082482904638631,1.0,1.0,0.0,0.5773502691896257,1.0,0.0,0.793051585718144,0.0,0.9622504486493763,0.0,1.0,0.7071067811865475,0.0,0.9271726499455306,1.0,1.0,1.0,0.0,0.0,0.0,0.28867513459481287,0.0,0.0,0.0,0.0,0.0,0.0,0.0,0.0,0.0,0.0,0.4931969619160719,0.0,0.0,0.0,1.0,0.0,1.0,0.9759000729485332,0.970142500145332,1.0,0.9988130559615215,1.0,0.0,0.8703882797784892,1.0,0.0,0.4472135954999579,0.9773555548504418,0.0,0.9938837346736188,0.9931270663228415,0.0,0.0,0.0,1.0,0.0,0.0],[0.0,0.1889822365046136,0.0,0.0,0.0,0.0,0.0,0.0,0.0,0.0,0.0,0.0,0.0,0.0,0.0,0.0,0.0,0.0,0.0,0.0,0.0,0.0,0.9999999999999998,0.0,0.0,0.0,0.2803860770460221,0.0,0.0,0.0,0.0,0.0,0.0,0.0,0.0,0.0,0.0,0.7071067811865475,0.0,0.0,0.0,0.0,0.0,0.0,0.0,0.0,0.0,0.0,0.0,0.0,0.0,0.0,0.0,0.0,0.0,0.0,0.0,0.0,0.0,0.0,0.0,0.0,0.0,0.0,0.0,0.0,0.0,0.0,0.0,0.0,0.0,0.0,0.0,0.0,0.0,0.0,0.0,0.0],[0.0,0.15430334996209194,0.0,0.0,0.5772644752565881,0.0,0.0,0.0,0.0,0.40824829046386296,0.5773502691896258,0.0,0.40824829046386296,0.0,0.0,0.0,0.5773502691896258,0.0,0.0,0.47140452079103173,0.5773502691896258,0.5773502691896257,0.0,1.0000000000000002,0.5773502691896258,0.0,0.5036554011451931,0.0,0.6666666666666666,0.0,0.5773502691896258,0.40824829046386296,0.0,0.6882472016116854,0.5773502691896258,0.5773502691896258,0.5773502691896258,0.0,0.0,0.0,0.16666666666666669,0.0,0.0,0.0,0.0,0.0,0.0,0.0,0.0,0.0,0.0,0.2847473987257497,0.0,0.0,0.0,0.5773502691896258,0.5773502691896258,0.5773502691896258,0.5634361698190111,0.560112033611204,0.5773502691896258,0.5766649867294972,0.5773502691896257,0.0,0.6030226891555273,0.5773502691896257,0.0,0.2581988897471611,0.5642764926868786,0.0,0.5738190417570045,0.5733821790809959,0.0,0.0,0.0,0.5773502691896258,0.0,0.0],[0.0,0.2672612419124244,0.0,0.0,0.9998514005489976,0.0,0.0,0.0,0.0,0.0,1.0,0.0,0.0,0.0,0.0,0.0,1.0,0.0,0.0,0.4082482904638631,1.0,1.0,0.0,0.5773502691896258,1.0,0.0,0.7930515857181442,0.0,0.9622504486493763,0.0,1.0,0.7071067811865475,0.0,0.9271726499455306,1.0,1.0,1.0,0.0,0.0,0.0,0.2886751345948129,0.0,0.0,0.0,0.0,0.0,0.0,0.0,0.0,0.0,0.0,0.4931969619160719,0.0,0.0,0.0,1.0,0.0,1.0,0.9759000729485332,0.9701425001453319,1.0,0.9988130559615215,1.0,0.0,0.8703882797784892,1.0,0.0,0.4472135954999579,0.9773555548504418,0.0,0.9938837346736188,0.9931270663228415,0.0,0.0,0.0,1.0,0.0,0.0],[0.0,0.0,0.0,0.0,0.0,0.0,0.0,0.0,0.0,0.0,0.0,0.0,0.0,0.0,0.0,0.0,0.0,0.0,0.0,0.0,0.0,0.0,0.0,0.0,0.0,0.9999999999999998,0.0,0.0,0.0,0.0,0.0,0.0,0.0,0.0,0.0,0.0,0.0,0.0,0.31622776601683794,0.8944271909999159,0.0,0.0,0.0,0.0,0.0,0.0,0.0,0.0,0.0,0.0,0.0,0.0,0.0,0.0,0.0,0.0,0.0,0.0,0.0,0.0,0.0,0.0,0.0,0.0,0.0,0.0,0.0,0.0,0.0,0.0,0.0,0.0,0.0,0.0,0.0,0.0,0.0,0.0],[0.0,0.38151351305936765,0.0,0.0,0.7929337386878897,0.0,0.0,0.0,0.0,0.0,0.7930515857181442,0.0,0.0,0.0,0.0,0.0,0.7930515857181442,0.31722063428725766,0.0,0.4532667357667233,0.7930515857181442,0.793051585718144,0.2803860770460221,0.5036554011451931,0.7930515857181442,0.0,1.0,0.0,0.8165322412505404,0.0,0.7930515857181442,0.5607721540920442,0.0,0.8088253143011765,0.7930515857181442,0.7930515857181442,0.7930515857181442,0.396525792859072,0.0,0.0,0.5036554011451931,0.0,0.0,0.0,0.0,0.0,0.0,0.0,0.0,0.0,0.0,0.39113063271891196,0.0,0.2803860770460221,0.39254050786443095,0.7930515857181442,0.0,0.7930515857181442,0.7739391003542868,0.7693730481128204,0.7930515857181442,0.7921102778662701,0.7930515857181442,0.0,0.6902628054688186,0.793051585718144,0.0,0.3546634510659543,0.7750933725845794,0.0,0.7882010718023846,0.787600994766938,0.0,0.0,0.0,0.7930515857181442,0.0,0.0],[0.0,0.0,0.0,0.0,0.0,0.0,0.0,0.0,0.0,0.0,0.0,0.0,0.0,0.0,0.0,0.0,0.0,0.0,0.0,0.0,0.0,0.0,0.0,0.0,0.0,0.0,0.0,0.0,0.0,0.0,0.0,0.0,0.0,0.0,0.0,0.0,0.0,0.0,0.0,0.0,0.0,0.0,0.0,0.0,0.0,0.0,0.0,0.0,0.0,0.0,0.0,0.0,0.0,0.0,0.0,0.0,0.0,0.0,0.0,0.0,0.0,0.0,0.0,0.0,0.0,0.0,0.0,0.0,0.0,0.0,0.0,0.0,0.0,0.0,0.0,0.0,0.0,0.0],[0.0,0.2828894749305018,0.0,0.0,0.96210745876098,0.0,0.0,0.0,0.0,0.06804138174397716,0.9622504486493763,0.0,0.06804138174397716,0.0,0.0,0.0,0.9622504486493763,0.0,0.0,0.4321208107251124,0.9622504486493763,0.9622504486493763,0.0,0.6666666666666666,0.9622504486493763,0.0,0.8165322412505404,0.0,1.0,0.0,0.9622504486493763,0.6804138174397716,0.0,0.9941348467724342,0.9622504486493763,0.9622504486493763,0.9622504486493763,0.0,0.0,0.0,0.2777777777777778,0.0,0.0,0.0,0.0,0.0,0.0,0.0,0.0,0.0,0.0,0.4745789978762495,0.0,0.0,0.0,0.9622504486493763,0.09622504486493763,0.9622504486493763,0.9390602830316852,0.9335200560186733,0.9622504486493763,0.9611083112158286,0.9622504486493763,0.0,0.8542821429703302,0.9622504486493763,0.0,0.4303314829119352,0.9404608211447976,0.0,0.9563650695950074,0.9556369651349931,0.0,0.0,0.0,0.9622504486493763,0.0,0.0],[0.0,0.0,0.0,0.0,0.0,0.0,0.0,0.0,0.0,0.0,0.0,0.0,0.0,0.0,0.0,0.0,0.0,0.0,0.0,0.0,0.0,0.0,0.0,0.0,0.0,0.0,0.0,0.0,0.0,0.0,0.0,0.0,0.0,0.0,0.0,0.0,0.0,0.0,0.0,0.0,0.0,0.0,0.0,0.0,0.0,0.0,0.0,0.0,0.0,0.0,0.0,0.0,0.0,0.0,0.0,0.0,0.0,0.0,0.0,0.0,0.0,0.0,0.0,0.0,0.0,0.0,0.0,0.0,0.0,0.0,0.0,0.0,0.0,0.0,0.0,0.0,0.0,0.0],[0.0,0.2672612419124244,0.0,0.0,0.9998514005489976,0.0,0.0,0.0,0.0,0.0,1.0,0.0,0.0,0.0,0.0,0.0,1.0,0.0,0.0,0.4082482904638631,1.0,1.0,0.0,0.5773502691896258,1.0,0.0,0.7930515857181442,0.0,0.9622504486493763,0.0,1.0,0.7071067811865475,0.0,0.9271726499455306,1.0,1.0,1.0,0.0,0.0,0.0,0.2886751345948129,0.0,0.0,0.0,0.0,0.0,0.0,0.0,0.0,0.0,0.0,0.4931969619160719,0.0,0.0,0.0,1.0,0.0,1.0,0.9759000729485332,0.9701425001453319,1.0,0.9988130559615215,1.0,0.0,0.8703882797784892,1.0,0.0,0.4472135954999579,0.9773555548504418,0.0,0.9938837346736188,0.9931270663228415,0.0,0.0,0.0,1.0,0.0,0.0],[0.0,0.1889822365046136,0.0,0.0,0.7070017055070631,0.0,0.0,0.0,0.0,0.0,0.7071067811865475,0.0,0.0,0.0,0.0,0.0,0.7071067811865475,0.0,0.0,0.2886751345948129,0.7071067811865475,0.7071067811865475,0.0,0.40824829046386296,0.7071067811865475,0.0,0.5607721540920442,0.0,0.6804138174397716,0.0,0.7071067811865475,0.9999999999999998,0.0,0.6556100681071857,0.7071067811865475,0.7071067811865475,0.7071067811865475,0.0,0.0,0.0,0.20412414523193148,0.0,0.0,0.0,0.0,0.0,0.0,0.0,0.0,0.0,0.0,0.34874291623145787,0.0,0.0,0.0,0.7071067811865475,0.0,0.7071067811865475,0.6900655593423541,0.6859943405700353,0.7071067811865475,0.7062674850080504,0.7071067811865475,0.0,0.6154574548966636,0.7071067811865475,0.0,0.31622776601683794,0.691094740465088,0.0,0.7027819284987272,0.7022468831767833,0.0,0.0,0.0,0.7071067811865475,0.0,0.0],[0.0,0.0,0.0,0.0,0.0,0.0,0.0,0.0,0.0,0.0,0.0,0.0,0.0,0.0,0.0,0.0,0.0,0.0,0.0,0.0,0.0,0.0,0.0,0.0,0.0,0.0,0.0,0.0,0.0,0.0,0.0,0.0,0.0,0.0,0.0,0.0,0.0,0.0,0.0,0.0,0.0,0.0,0.0,0.0,0.0,0.0,0.0,0.0,0.0,0.0,0.0,0.0,0.0,0.0,0.0,0.0,0.0,0.0,0.0,0.0,0.0,0.0,0.0,0.0,0.0,0.0,0.0,0.0,0.0,0.0,0.0,0.0,0.0,0.0,0.0,0.0,0.0,0.0],[0.0,0.28319693016191544,0.0,0.0,0.9270348725987643,0.0,0.0,0.0,0.0,0.09365858115816939,0.9271726499455306,0.0,0.09365858115816939,0.0,0.0,0.0,0.9271726499455306,0.0,0.0,0.43259045634870014,0.9271726499455306,0.9271726499455306,0.0,0.6882472016116854,0.9271726499455306,0.0,0.8088253143011765,0.0,0.9941348467724342,0.0,0.9271726499455306,0.6556100681071857,0.0,1.0,0.9271726499455306,0.9271726499455306,0.9271726499455306,0.0,0.0,0.0,0.26765168951565543,0.0,0.0,0.0,0.0,0.0,0.0,0.0,0.0,0.0,0.0,0.45727873412480935,0.0,0.0,0.0,0.9271726499455306,0.13245323570650439,0.9271726499455306,0.9048278567177283,0.8994895926845298,0.9271726499455306,0.9260721478960374,0.9271726499455307,0.0,0.8300573566392896,0.9271726499455306,0.0,0.4146442144313646,0.9061773397296685,0.0,0.9215018160150997,0.9208002538151797,0.0,0.0,0.0,0.9271726499455306,0.0,0.0],[0.0,0.2672612419124244,0.0,0.0,0.9998514005489976,0.0,0.0,0.0,0.0,0.0,1.0,0.0,0.0,0.0,0.0,0.0,1.0,0.0,0.0,0.4082482904638631,1.0,1.0,0.0,0.5773502691896258,1.0,0.0,0.7930515857181442,0.0,0.9622504486493763,0.0,1.0,0.7071067811865475,0.0,0.9271726499455306,1.0,1.0,1.0,0.0,0.0,0.0,0.2886751345948129,0.0,0.0,0.0,0.0,0.0,0.0,0.0,0.0,0.0,0.0,0.4931969619160719,0.0,0.0,0.0,1.0,0.0,1.0,0.9759000729485332,0.9701425001453319,1.0,0.9988130559615215,1.0,0.0,0.8703882797784892,1.0,0.0,0.4472135954999579,0.9773555548504418,0.0,0.9938837346736188,0.9931270663228415,0.0,0.0,0.0,1.0,0.0,0.0],[0.0,0.2672612419124244,0.0,0.0,0.9998514005489976,0.0,0.0,0.0,0.0,0.0,1.0,0.0,0.0,0.0,0.0,0.0,1.0,0.0,0.0,0.4082482904638631,1.0,1.0,0.0,0.5773502691896258,1.0,0.0,0.7930515857181442,0.0,0.9622504486493763,0.0,1.0,0.7071067811865475,0.0,0.9271726499455306,1.0,1.0,1.0,0.0,0.0,0.0,0.2886751345948129,0.0,0.0,0.0,0.0,0.0,0.0,0.0,0.0,0.0,0.0,0.4931969619160719,0.0,0.0,0.0,1.0,0.0,1.0,0.9759000729485332,0.9701425001453319,1.0,0.9988130559615215,1.0,0.0,0.8703882797784892,1.0,0.0,0.4472135954999579,0.9773555548504418,0.0,0.9938837346736188,0.9931270663228415,0.0,0.0,0.0,1.0,0.0,0.0],[0.0,0.2672612419124244,0.0,0.0,0.9998514005489976,0.0,0.0,0.0,0.0,0.0,1.0,0.0,0.0,0.0,0.0,0.0,1.0,0.0,0.0,0.4082482904638631,1.0,1.0,0.0,0.5773502691896258,1.0,0.0,0.7930515857181442,0.0,0.9622504486493763,0.0,1.0,0.7071067811865475,0.0,0.9271726499455306,1.0,1.0,1.0,0.0,0.0,0.0,0.2886751345948129,0.0,0.0,0.0,0.0,0.0,0.0,0.0,0.0,0.0,0.0,0.4931969619160719,0.0,0.0,0.0,1.0,0.0,1.0,0.9759000729485332,0.9701425001453319,1.0,0.9988130559615215,1.0,0.0,0.8703882797784892,1.0,0.0,0.4472135954999579,0.9773555548504418,0.0,0.9938837346736188,0.9931270663228415,0.0,0.0,0.0,1.0,0.0,0.0],[0.0,0.0,0.0,0.0,0.0,0.0,0.0,0.0,0.0,0.0,0.0,0.0,0.0,0.0,0.0,0.0,0.0,0.0,0.0,0.0,0.0,0.0,0.7071067811865475,0.0,0.0,0.0,0.396525792859072,0.0,0.0,0.0,0.0,0.0,0.0,0.0,0.0,0.0,0.0,1.0,0.0,0.0,0.0,0.0,0.0,0.0,0.0,0.0,0.0,0.0,0.0,0.0,0.0,0.0,0.0,0.0,0.0,0.0,0.0,0.0,0.0,0.0,0.0,0.0,0.0,0.0,0.0,0.0,0.0,0.0,0.0,0.0,0.0,0.0,0.0,0.0,0.0,0.0,0.0,0.0],[0.0,0.0,0.0,0.0,0.0,0.0,0.0,0.0,0.0,0.0,0.0,0.0,0.0,0.0,0.0,0.0,0.0,0.0,0.0,0.0,0.0,0.0,0.0,0.0,0.0,0.31622776601683794,0.0,0.0,0.0,0.0,0.0,0.0,0.0,0.0,0.0,0.0,0.0,0.0,1.0,0.7071067811865475,0.0,0.0,0.0,0.0,0.0,0.0,0.0,0.0,0.0,0.0,0.0,0.0,0.0,0.0,0.0,0.0,0.0,0.0,0.0,0.0,0.0,0.0,0.0,0.0,0.0,0.0,0.0,0.0,0.0,0.0,0.0,0.0,0.0,0.0,0.0,0.0,0.0,0.0],[0.0,0.0,0.0,0.0,0.0,0.0,0.0,0.0,0.0,0.0,0.0,0.0,0.0,0.0,0.0,0.0,0.0,0.0,0.0,0.0,0.0,0.0,0.0,0.0,0.0,0.8944271909999159,0.0,0.0,0.0,0.0,0.0,0.0,0.0,0.0,0.0,0.0,0.0,0.0,0.7071067811865475,0.9999999999999998,0.0,0.0,0.0,0.0,0.0,0.0,0.0,0.0,0.0,0.0,0.0,0.0,0.0,0.0,0.0,0.0,0.0,0.0,0.0,0.0,0.0,0.0,0.0,0.0,0.0,0.0,0.0,0.0,0.0,0.0,0.0,0.0,0.0,0.0,0.0,0.0,0.0,0.0],[0.0,0.3086066999241839,0.0,0.0,0.28863223762829404,0.0,0.0,0.0,0.0,0.0,0.2886751345948129,0.0,0.0,0.0,0.0,0.0,0.2886751345948129,0.8660254037844387,0.0,0.5892556509887896,0.2886751345948129,0.28867513459481287,0.0,0.16666666666666669,0.2886751345948129,0.0,0.5036554011451931,0.0,0.2777777777777778,0.0,0.2886751345948129,0.20412414523193148,0.0,0.26765168951565543,0.2886751345948129,0.2886751345948129,0.2886751345948129,0.0,0.0,0.0,1.0000000000000002,0.0,0.0,0.0,0.0,0.0,0.0,0.0,0.0,0.0,0.0,0.1898315991504998,0.0,0.6123724356957945,0.6123724356957945,0.2886751345948129,0.0,0.2886751345948129,0.28171808490950556,0.280056016805602,0.2886751345948129,0.2883324933647486,0.28867513459481287,0.0,0.251259453814803,0.28867513459481287,0.0,0.12909944487358055,0.2821382463434393,0.0,0.28690952087850224,0.28669108954049793,0.0,0.0,0.0,0.2886751345948129,0.0,0.0],[0.0,0.0,0.0,0.0,0.0,0.0,0.0,0.0,0.0,0.0,0.0,0.0,0.0,0.0,0.0,0.0,0.0,0.0,0.0,0.0,0.0,0.0,0.0,0.0,0.0,0.0,0.0,0.0,0.0,0.0,0.0,0.0,0.0,0.0,0.0,0.0,0.0,0.0,0.0,0.0,0.0,0.0,0.0,0.0,0.0,0.0,0.0,0.0,0.0,0.0,0.0,0.0,0.0,0.0,0.0,0.0,0.0,0.0,0.0,0.0,0.0,0.0,0.0,0.0,0.0,0.0,0.0,0.0,0.0,0.0,0.0,0.0,0.0,0.0,0.0,0.0,0.0,0.0],[0.0,0.0,0.0,0.0,0.0,0.0,0.0,0.0,0.0,0.0,0.0,0.0,0.0,0.0,0.0,0.0,0.0,0.0,0.0,0.0,0.0,0.0,0.0,0.0,0.0,0.0,0.0,0.0,0.0,0.0,0.0,0.0,0.0,0.0,0.0,0.0,0.0,0.0,0.0,0.0,0.0,0.0,0.0,0.0,0.0,0.0,0.0,0.0,0.0,0.0,0.0,0.0,0.0,0.0,0.0,0.0,0.0,0.0,0.0,0.0,0.0,0.0,0.0,0.0,0.0,0.0,0.0,0.0,0.0,0.0,0.0,0.0,0.0,0.0,0.0,0.0,0.0,0.0],[0.0,0.0,0.0,0.0,0.0,0.0,0.0,0.0,0.0,0.0,0.0,0.0,0.0,0.0,0.0,0.0,0.0,0.0,0.0,0.0,0.0,0.0,0.0,0.0,0.0,0.0,0.0,0.0,0.0,0.0,0.0,0.0,0.0,0.0,0.0,0.0,0.0,0.0,0.0,0.0,0.0,0.0,0.0,0.0,0.0,0.0,0.0,0.0,0.0,0.0,0.0,0.0,0.0,0.0,0.0,0.0,0.0,0.0,0.0,0.0,0.0,0.0,0.0,0.0,0.0,0.0,0.0,0.0,0.0,0.0,0.0,0.0,0.0,0.0,0.0,0.0,0.0,0.0],[0.0,0.0,0.0,0.0,0.0,0.0,0.0,0.0,0.0,0.0,0.0,0.0,0.0,0.0,0.0,0.0,0.0,0.0,0.0,0.0,0.0,0.0,0.0,0.0,0.0,0.0,0.0,0.0,0.0,0.0,0.0,0.0,0.0,0.0,0.0,0.0,0.0,0.0,0.0,0.0,0.0,0.0,0.0,0.0,0.0,0.0,0.0,0.0,0.0,0.0,0.0,0.0,0.0,0.0,0.0,0.0,0.0,0.0,0.0,0.0,0.0,0.0,0.0,0.0,0.0,0.0,0.0,0.0,0.0,0.0,0.0,0.0,0.0,0.0,0.0,0.0,0.0,0.0],[0.0,0.0,0.0,0.0,0.0,0.0,0.0,0.0,0.0,0.0,0.0,0.0,0.0,0.0,0.0,0.0,0.0,0.0,0.0,0.0,0.0,0.0,0.0,0.0,0.0,0.0,0.0,0.0,0.0,0.0,0.0,0.0,0.0,0.0,0.0,0.0,0.0,0.0,0.0,0.0,0.0,0.0,0.0,0.0,0.0,1.0,0.0,0.0,0.0,0.0,0.0,0.0,0.0,0.0,0.0,0.0,0.0,0.0,0.0,0.0,0.0,0.0,0.0,0.0,0.0,0.0,0.0,0.0,0.0,0.0,0.0,0.0,0.0,0.0,0.0,0.0,0.0,0.0],[0.0,0.0,0.0,0.0,0.0,0.0,0.0,0.0,0.0,0.0,0.0,0.0,0.0,0.0,0.0,0.0,0.0,0.0,0.0,0.0,0.0,0.0,0.0,0.0,0.0,0.0,0.0,0.0,0.0,0.0,0.0,0.0,0.0,0.0,0.0,0.0,0.0,0.0,0.0,0.0,0.0,0.0,0.0,0.0,0.0,0.0,0.0,0.0,0.0,0.0,0.0,0.0,0.0,0.0,0.0,0.0,0.0,0.0,0.0,0.0,0.0,0.0,0.0,0.0,0.0,0.0,0.0,0.0,0.0,0.0,0.0,0.0,0.0,0.0,0.0,0.0,0.0,0.0],[0.0,0.0,0.0,0.0,0.0,0.0,0.0,0.0,0.0,0.0,0.0,0.0,0.0,0.0,0.0,0.0,0.0,0.0,0.0,0.0,0.0,0.0,0.0,0.0,0.0,0.0,0.0,0.0,0.0,0.0,0.0,0.0,0.0,0.0,0.0,0.0,0.0,0.0,0.0,0.0,0.0,0.0,0.0,0.0,0.0,0.0,0.0,0.9999999999999999,0.0,0.0,0.0,0.8202924943750566,0.0,0.0,0.0,0.0,0.0,0.0,0.0,0.0,0.0,0.0,0.0,0.0,0.0,0.0,0.0,0.0,0.0,0.0,0.0,0.0,0.0,0.0,0.0,0.0,0.0,0.0],[0.0,0.0,0.0,0.0,0.0,0.0,0.0,0.0,0.0,0.0,0.0,0.0,0.0,0.0,0.0,0.0,0.0,0.0,0.0,0.0,0.0,0.0,0.0,0.0,0.0,0.0,0.0,0.0,0.0,0.0,0.0,0.0,0.0,0.0,0.0,0.0,0.0,0.0,0.0,0.0,0.0,0.0,0.0,0.0,0.0,0.0,0.0,0.0,0.0,0.0,0.0,0.0,0.0,0.0,0.0,0.0,0.0,0.0,0.0,0.0,0.0,0.0,0.0,0.0,0.0,0.0,0.0,0.0,0.0,0.0,0.0,0.0,0.0,0.0,0.0,0.0,0.0,0.0],[0.0,0.0,0.0,0.0,0.0,0.0,0.0,0.0,0.0,0.0,0.0,0.0,0.0,0.0,0.0,0.0,0.0,0.0,0.0,0.0,0.0,0.0,0.0,0.0,0.0,0.0,0.0,0.0,0.0,0.0,0.0,0.0,0.0,0.0,0.0,0.0,0.0,0.0,0.0,0.0,0.0,0.0,0.0,0.0,0.0,0.0,0.0,0.0,0.0,0.0,0.0,0.0,0.0,0.0,0.0,0.0,0.0,0.0,0.0,0.0,0.0,0.0,0.0,0.0,0.0,0.0,0.0,0.0,0.0,0.0,0.0,0.0,0.0,0.0,0.0,0.0,0.0,0.0],[0.0,0.0,0.0,0.0,0.0,0.0,0.0,0.0,0.0,0.0,0.0,0.0,0.0,0.0,0.0,0.0,0.0,0.0,0.0,0.0,0.0,0.0,0.0,0.0,0.0,0.0,0.0,0.0,0.0,0.0,0.0,0.0,0.0,0.0,0.0,0.0,0.0,0.0,0.0,0.0,0.0,0.0,0.0,0.0,0.0,0.0,0.0,0.0,0.0,0.0,0.0,0.0,0.0,0.0,0.0,0.0,0.0,0.0,0.0,0.0,0.0,0.0,0.0,0.0,0.0,0.0,0.0,0.0,0.0,0.0,0.0,0.0,0.0,0.0,0.0,0.0,0.0,0.0],[0.0,0.13181243254912406,0.0,0.0,0.4931236731182951,0.0,0.0,0.0,0.0,0.0,0.4931969619160719,0.0,0.0,0.0,0.0,0.0,0.4931969619160719,0.0,0.0,0.3355780276070122,0.4931969619160719,0.4931969619160719,0.0,0.2847473987257497,0.4931969619160719,0.0,0.39113063271891196,0.0,0.4745789978762495,0.0,0.4931969619160719,0.34874291623145787,0.0,0.45727873412480935,0.4931969619160719,0.4931969619160719,0.4931969619160719,0.0,0.0,0.0,0.1898315991504998,0.0,0.0,0.0,0.0,0.0,0.0,0.8202924943750566,0.0,0.0,0.0,1.0000000000000002,0.0,0.0,0.0,0.4931969619160719,0.0,0.4931969619160719,0.48131095111188954,0.47847133369734,0.4931969619160719,0.4926115647223299,0.49319696191607193,0.0,0.42927285527410686,0.4931969619160719,0.0,0.22056438662814232,0.4820287903640346,0.0,0.49018043843882814,0.4898072519070467,0.0,0.0,0.0,0.4931969619160719,0.0,0.0],[0.0,0.0,0.0,0.0,0.0,0.0,0.0,0.0,0.0,0.0,0.0,0.0,0.0,0.0,0.0,0.0,0.0,0.0,0.0,0.0,0.0,0.0,0.0,0.0,0.0,0.0,0.0,0.0,0.0,0.0,0.0,0.0,0.0,0.0,0.0,0.0,0.0,0.0,0.0,0.0,0.0,0.0,0.0,0.0,0.0,0.0,0.0,0.0,0.0,0.0,0.0,0.0,0.0,0.0,0.0,0.0,0.0,0.0,0.0,0.0,0.0,0.0,0.0,0.0,0.0,0.0,0.0,0.0,0.0,0.0,0.0,0.0,0.0,0.0,0.0,0.0,0.0,0.0],[0.0,0.1889822365046136,0.0,0.0,0.0,0.0,0.0,0.0,0.0,0.0,0.0,0.0,0.0,0.0,0.0,0.0,0.0,0.7071067811865475,0.0,0.2886751345948129,0.0,0.0,0.0,0.0,0.0,0.0,0.2803860770460221,0.0,0.0,0.0,0.0,0.0,0.0,0.0,0.0,0.0,0.0,0.0,0.0,0.0,0.6123724356957945,0.0,0.0,0.0,0.0,0.0,0.0,0.0,0.0,0.0,0.0,0.0,0.0,0.9999999999999998,0.4999999999999999,0.0,0.0,0.0,0.0,0.0,0.0,0.0,0.0,0.0,0.0,0.0,0.0,0.0,0.0,0.0,0.0,0.0,0.0,0.0,0.0,0.0,0.0,0.0],[0.0,0.1889822365046136,0.0,0.0,0.0,0.0,0.0,0.0,0.0,0.0,0.0,0.0,0.0,0.0,0.0,0.0,0.0,0.7071067811865475,0.0,0.2886751345948129,0.0,0.0,0.0,0.0,0.0,0.0,0.39254050786443095,0.0,0.0,0.0,0.0,0.0,0.0,0.0,0.0,0.0,0.0,0.0,0.0,0.0,0.6123724356957945,0.0,0.0,0.0,0.0,0.0,0.0,0.0,0.0,0.0,0.0,0.0,0.0,0.4999999999999999,0.9999999999999998,0.0,0.0,0.0,0.0,0.0,0.0,0.0,0.0,0.0,0.0,0.0,0.0,0.0,0.0,0.0,0.0,0.0,0.0,0.0,0.0,0.0,0.0,0.0],[0.0,0.2672612419124244,0.0,0.0,0.9998514005489976,0.0,0.0,0.0,0.0,0.0,1.0,0.0,0.0,0.0,0.0,0.0,1.0,0.0,0.0,0.4082482904638631,1.0,1.0,0.0,0.5773502691896258,1.0,0.0,0.7930515857181442,0.0,0.9622504486493763,0.0,1.0,0.7071067811865475,0.0,0.9271726499455306,1.0,1.0,1.0,0.0,0.0,0.0,0.2886751345948129,0.0,0.0,0.0,0.0,0.0,0.0,0.0,0.0,0.0,0.0,0.4931969619160719,0.0,0.0,0.0,1.0,0.0,1.0,0.9759000729485332,0.9701425001453319,1.0,0.9988130559615215,1.0,0.0,0.8703882797784892,1.0,0.0,0.4472135954999579,0.9773555548504418,0.0,0.9938837346736188,0.9931270663228415,0.0,0.0,0.0,1.0,0.0,0.0],[0.0,0.0,0.0,0.0,0.0,0.0,0.0,0.0,0.0,0.7071067811865475,0.0,0.0,0.7071067811865475,0.0,0.0,0.0,0.0,0.0,0.0,0.4082482904638631,0.0,0.0,0.0,0.5773502691896258,0.0,0.0,0.0,0.0,0.09622504486493763,0.0,0.0,0.0,0.0,0.13245323570650439,0.0,0.0,0.0,0.0,0.0,0.0,0.0,0.0,0.0,0.0,0.0,0.0,0.0,0.0,0.0,0.0,0.0,0.0,0.0,0.0,0.0,0.0,1.0,0.0,0.0,0.0,0.0,0.0,0.0,0.0,0.17407765595569785,0.0,0.0,0.0,0.0,0.0,0.0,0.0,0.0,0.0,0.0,0.0,0.0,0.0],[0.0,0.2672612419124244,0.0,0.0,0.9998514005489976,0.0,0.0,0.0,0.0,0.0,1.0,0.0,0.0,0.0,0.0,0.0,1.0,0.0,0.0,0.4082482904638631,1.0,1.0,0.0,0.5773502691896258,1.0,0.0,0.7930515857181442,0.0,0.9622504486493763,0.0,1.0,0.7071067811865475,0.0,0.9271726499455306,1.0,1.0,1.0,0.0,0.0,0.0,0.2886751345948129,0.0,0.0,0.0,0.0,0.0,0.0,0.0,0.0,0.0,0.0,0.4931969619160719,0.0,0.0,0.0,1.0,0.0,1.0,0.9759000729485332,0.9701425001453319,1.0,0.9988130559615215,1.0,0.0,0.8703882797784892,1.0,0.0,0.4472135954999579,0.9773555548504418,0.0,0.9938837346736188,0.9931270663228415,0.0,0.0,0.0,1.0,0.0,0.0],[0.0,0.26082026547865056,0.0,0.0,0.9757550547334598,0.0,0.0,0.0,0.0,0.0,0.9759000729485332,0.0,0.0,0.0,0.0,0.0,0.9759000729485332,0.0,0.0,0.398409536444798,0.9759000729485332,0.9759000729485332,0.0,0.5634361698190111,0.9759000729485332,0.0,0.7739391003542868,0.0,0.9390602830316852,0.0,0.9759000729485332,0.6900655593423541,0.0,0.9048278567177283,0.9759000729485332,0.9759000729485332,0.9759000729485332,0.0,0.0,0.0,0.28171808490950556,0.0,0.0,0.0,0.0,0.0,0.0,0.0,0.0,0.0,0.0,0.48131095111188954,0.0,0.0,0.0,0.9759000729485332,0.0,0.9759000729485332,1.0000000000000002,0.9467621366623017,0.9759000729485332,0.9747417341747961,0.9759000729485333,0.0,0.883388465158551,0.9759000729485332,0.0,0.5237229365663817,0.9538013572752003,0.0,0.9699312091703451,0.9691927764716238,0.0,0.0,0.0,0.9759000729485332,0.0,0.0],[0.0,0.25928148942086576,0.0,0.0,0.9699983375024162,0.0,0.0,0.0,0.0,0.0,0.9701425001453319,0.0,0.0,0.0,0.0,0.0,0.9701425001453319,0.0,0.0,0.39605901719066977,0.9701425001453319,0.970142500145332,0.0,0.560112033611204,0.9701425001453319,0.0,0.7693730481128204,0.0,0.9335200560186733,0.0,0.9701425001453319,0.6859943405700353,0.0,0.8994895926845298,0.9701425001453319,0.9701425001453319,0.9701425001453319,0.0,0.0,0.0,0.280056016805602,0.0,0.0,0.0,0.0,0.0,0.0,0.0,0.0,0.0,0.0,0.47847133369734,0.0,0.0,0.0,0.9701425001453319,0.0,0.9701425001453319,0.9467621366623017,1.0,0.9701425001453319,0.9773443659373469,0.9701425001453319,0.0,0.8444006618414982,0.970142500145332,0.0,0.4338609156373123,0.9481741615135356,0.0,0.9642088512100443,0.9634747750844403,0.0,0.0,0.0,0.9701425001453319,0.0,0.0],[0.0,0.2672612419124244,0.0,0.0,0.9998514005489976,0.0,0.0,0.0,0.0,0.0,1.0,0.0,0.0,0.0,0.0,0.0,1.0,0.0,0.0,0.4082482904638631,1.0,1.0,0.0,0.5773502691896258,1.0,0.0,0.7930515857181442,0.0,0.9622504486493763,0.0,1.0,0.7071067811865475,0.0,0.9271726499455306,1.0,1.0,1.0,0.0,0.0,0.0,0.2886751345948129,0.0,0.0,0.0,0.0,0.0,0.0,0.0,0.0,0.0,0.0,0.4931969619160719,0.0,0.0,0.0,1.0,0.0,1.0,0.9759000729485332,0.9701425001453319,1.0,0.9988130559615215,1.0,0.0,0.8703882797784892,1.0,0.0,0.4472135954999579,0.9773555548504418,0.0,0.9938837346736188,0.9931270663228415,0.0,0.0,0.0,1.0,0.0,0.0],[0.0,0.26694401777462007,0.0,0.0,0.9986646328897516,0.0,0.0,0.0,0.0,0.0,0.9988130559615215,0.0,0.0,0.0,0.0,0.0,0.9988130559615215,0.0,0.0,0.40776372258927795,0.9988130559615215,0.9988130559615215,0.0,0.5766649867294972,0.9988130559615215,0.0,0.7921102778662701,0.0,0.9611083112158286,0.0,0.9988130559615215,0.7062674850080504,0.0,0.9260721478960374,0.9988130559615215,0.9988130559615215,0.9988130559615215,0.0,0.0,0.0,0.2883324933647486,0.0,0.0,0.0,0.0,0.0,0.0,0.0,0.0,0.0,0.0,0.4926115647223299,0.0,0.0,0.0,0.9988130559615215,0.0,0.9988130559615215,0.9747417341747961,0.9773443659373469,0.9988130559615215,1.0000000000000002,0.9988130559615214,0.0,0.8753507305476007,0.9988130559615215,0.0,0.4620856324022614,0.9761954885011381,0.0,0.9927040502998072,0.991948280072018,0.0,0.0,0.0,0.9988130559615215,0.0,0.0],[0.0,0.2672612419124244,0.0,0.0,0.9998514005489975,0.0,0.0,0.0,0.0,0.0,1.0,0.0,0.0,0.0,0.0,0.0,1.0,0.0,0.0,0.4082482904638631,1.0,1.0,0.0,0.5773502691896257,1.0,0.0,0.7930515857181442,0.0,0.9622504486493763,0.0,1.0,0.7071067811865475,0.0,0.9271726499455307,1.0,1.0,1.0,0.0,0.0,0.0,0.28867513459481287,0.0,0.0,0.0,0.0,0.0,0.0,0.0,0.0,0.0,0.0,0.49319696191607193,0.0,0.0,0.0,1.0,0.0,1.0,0.9759000729485333,0.9701425001453319,1.0,0.9988130559615214,1.0,0.0,0.8703882797784892,1.0,0.0,0.44721359549995787,0.9773555548504417,0.0,0.9938837346736188,0.9931270663228415,0.0,0.0,0.0,1.0,0.0,0.0],[0.0,0.0,0.0,0.0,0.0,0.0,0.0,0.0,0.0,0.0,0.0,0.0,0.0,0.0,0.0,0.0,0.0,0.0,0.0,0.0,0.0,0.0,0.0,0.0,0.0,0.0,0.0,0.0,0.0,0.0,0.0,0.0,0.0,0.0,0.0,0.0,0.0,0.0,0.0,0.0,0.0,0.0,0.0,0.0,0.0,0.0,0.0,0.0,0.0,0.0,0.0,0.0,0.0,0.0,0.0,0.0,0.0,0.0,0.0,0.0,0.0,0.0,0.0,0.0,0.0,0.0,0.0,0.0,0.0,0.0,0.0,0.0,0.0,0.0,0.0,0.0,0.0,0.0],[0.0,0.2326210525996177,0.0,0.0,0.870258940557955,0.0,0.0,0.0,0.0,0.12309149097933272,0.8703882797784892,0.0,0.24618298195866545,0.0,0.0,0.0,0.8703882797784892,0.0,0.0,0.42640143271122094,0.8703882797784892,0.8703882797784892,0.0,0.6030226891555273,0.8703882797784892,0.0,0.6902628054688186,0.0,0.8542821429703302,0.0,0.8703882797784892,0.6154574548966636,0.0,0.8300573566392896,0.8703882797784892,0.8703882797784892,0.8703882797784892,0.0,0.0,0.0,0.251259453814803,0.0,0.0,0.0,0.0,0.0,0.0,0.0,0.0,0.0,0.0,0.42927285527410686,0.0,0.0,0.0,0.8703882797784892,0.17407765595569785,0.8703882797784892,0.883388465158551,0.8444006618414982,0.8703882797784892,0.8753507305476007,0.8703882797784892,0.0,1.0,0.8703882797784892,0.0,0.5449492609130661,0.8506788201182268,0.0,0.8650647541223915,0.8644061588581956,0.0,0.0,0.0,0.8703882797784892,0.0,0.0],[0.0,0.2672612419124244,0.0,0.0,0.9998514005489976,0.0,0.0,0.0,0.0,0.0,1.0,0.0,0.0,0.0,0.0,0.0,1.0,0.0,0.0,0.4082482904638631,1.0,1.0,0.0,0.5773502691896257,1.0,0.0,0.793051585718144,0.0,0.9622504486493763,0.0,1.0,0.7071067811865475,0.0,0.9271726499455306,1.0,1.0,1.0,0.0,0.0,0.0,0.28867513459481287,0.0,0.0,0.0,0.0,0.0,0.0,0.0,0.0,0.0,0.0,0.4931969619160719,0.0,0.0,0.0,1.0,0.0,1.0,0.9759000729485332,0.970142500145332,1.0,0.9988130559615215,1.0,0.0,0.8703882797784892,1.0,0.0,0.4472135954999579,0.9773555548504418,0.0,0.9938837346736188,0.9931270663228415,0.0,0.0,0.0,1.0,0.0,0.0],[0.0,0.0,0.0,0.0,0.0,0.0,0.0,0.0,0.0,0.0,0.0,0.0,0.0,0.0,0.0,0.0,0.0,0.0,0.0,0.0,0.0,0.0,0.0,0.0,0.0,0.0,0.0,0.0,0.0,0.0,0.0,0.0,0.0,0.0,0.0,0.0,0.0,0.0,0.0,0.0,0.0,0.0,0.0,0.0,0.0,0.0,0.0,0.0,0.0,0.0,0.0,0.0,0.0,0.0,0.0,0.0,0.0,0.0,0.0,0.0,0.0,0.0,0.0,0.0,0.0,0.0,0.0,0.0,0.0,0.0,0.0,0.0,0.0,0.0,0.0,0.0,0.0,0.0],[0.0,0.11952286093343936,0.0,0.4472135954999579,0.44714713980518583,0.0,0.0,0.0,0.0,0.0,0.4472135954999579,0.0,0.0,0.0,0.0,0.0,0.4472135954999579,0.0,0.0,0.18257418583505536,0.4472135954999579,0.4472135954999579,0.0,0.2581988897471611,0.4472135954999579,0.0,0.3546634510659543,0.0,0.4303314829119352,0.0,0.4472135954999579,0.31622776601683794,0.0,0.4146442144313646,0.4472135954999579,0.4472135954999579,0.4472135954999579,0.0,0.0,0.0,0.12909944487358055,0.0,0.0,0.0,0.0,0.0,0.0,0.0,0.0,0.0,0.0,0.22056438662814232,0.0,0.0,0.0,0.4472135954999579,0.0,0.4472135954999579,0.5237229365663817,0.4338609156373123,0.4472135954999579,0.4620856324022614,0.44721359549995787,0.0,0.5449492609130661,0.4472135954999579,0.0,0.9999999999999998,0.4370866917665224,0.0,0.4444783184923152,0.4441399261185631,0.0,0.0,0.0,0.4472135954999579,0.0,0.0],[0.0,0.26120925937933565,0.0,0.0,0.9772103203515569,0.0,0.0,0.12216944435630522,0.0,0.086386842558136,0.9773555548504418,0.0,0.0,0.0,0.0,0.0,0.9773555548504418,0.0,0.0,0.39900373444305315,0.9773555548504418,0.9773555548504418,0.0,0.5642764926868786,0.9773555548504418,0.0,0.7750933725845794,0.0,0.9404608211447976,0.0,0.9773555548504418,0.691094740465088,0.0,0.9061773397296685,0.9773555548504418,0.9773555548504418,0.9773555548504418,0.0,0.0,0.0,0.2821382463434393,0.0,0.0,0.0,0.0,0.0,0.0,0.0,0.0,0.0,0.0,0.4820287903640346,0.0,0.0,0.0,0.9773555548504418,0.0,0.9773555548504418,0.9538013572752003,0.9481741615135356,0.9773555548504418,0.9761954885011381,0.9773555548504417,0.0,0.8506788201182268,0.9773555548504418,0.0,0.4370866917665224,1.0,0.12216944435630522,0.9848691471387467,0.980749070098608,0.0,0.0,0.0,0.9773555548504418,0.0,0.0],[0.0,0.0,0.0,0.0,0.0,0.0,0.0,0.0,0.0,0.0,0.0,0.0,0.0,0.0,0.0,0.0,0.0,0.0,0.0,0.0,0.0,0.0,0.0,0.0,0.0,0.0,0.0,0.0,0.0,0.0,0.0,0.0,0.0,0.0,0.0,0.0,0.0,0.0,0.0,0.0,0.0,0.0,0.0,0.0,0.0,0.0,0.0,0.0,0.0,0.0,0.0,0.0,0.0,0.0,0.0,0.0,0.0,0.0,0.0,0.0,0.0,0.0,0.0,0.0,0.0,0.0,0.0,0.0,0.12216944435630522,1.0,0.0,0.0,0.0,0.0,0.0,0.0,0.0,0.0],[0.0,0.26562660124542986,0.0,0.0,0.993736044096286,0.0,0.0,0.11043152607484653,0.0,0.07808688094430302,0.9938837346736188,0.0,0.0,0.0,0.0,0.0,0.9938837346736188,0.0,0.0,0.4057513356003445,0.9938837346736188,0.9938837346736188,0.0,0.5738190417570045,0.9938837346736188,0.0,0.7882010718023846,0.0,0.9563650695950074,0.0,0.9938837346736188,0.7027819284987272,0.0,0.9215018160150997,0.9938837346736188,0.9938837346736188,0.9938837346736188,0.0,0.0,0.0,0.28690952087850224,0.0,0.0,0.0,0.0,0.0,0.0,0.0,0.0,0.0,0.0,0.49018043843882814,0.0,0.0,0.0,0.9938837346736188,0.0,0.9938837346736188,0.9699312091703451,0.9642088512100443,0.9938837346736188,0.9927040502998072,0.9938837346736188,0.0,0.8650647541223915,0.9938837346736188,0.0,0.4444783184923152,0.9848691471387467,0.0,0.9999999999999998,0.9961922158090893,0.0,0.0,0.0,0.9938837346736188,0.0,0.0],[0.0,0.2654243731222853,0.0,0.0,0.9929794881860102,0.0,0.0,0.0827605888602368,0.0,0.05852057359806528,0.9931270663228415,0.0,0.0,0.0,0.0,0.0,0.9931270663228415,0.0,0.0,0.40544242703969163,0.9931270663228415,0.9931270663228415,0.0,0.5733821790809959,0.9931270663228415,0.0,0.787600994766938,0.0,0.9556369651349931,0.0,0.9931270663228415,0.7022468831767833,0.0,0.9208002538151797,0.9931270663228415,0.9931270663228415,0.9931270663228415,0.0,0.0,0.0,0.28669108954049793,0.0,0.0,0.0,0.0,0.0,0.0,0.0,0.0,0.0,0.0,0.4898072519070467,0.0,0.0,0.0,0.9931270663228415,0.0,0.9931270663228415,0.9691927764716238,0.9634747750844403,0.9931270663228415,0.991948280072018,0.9931270663228415,0.0,0.8644061588581956,0.9931270663228415,0.0,0.4441399261185631,0.980749070098608,0.0,0.9961922158090893,1.0,0.0,0.0,0.0,0.9931270663228415,0.0,0.0],[0.0,0.0,0.0,0.0,0.0,0.0,0.0,0.0,0.0,0.0,0.0,0.0,0.0,0.0,0.0,0.0,0.0,0.0,0.0,0.0,0.0,0.0,0.0,0.0,0.0,0.0,0.0,0.0,0.0,0.0,0.0,0.0,0.0,0.0,0.0,0.0,0.0,0.0,0.0,0.0,0.0,0.0,0.0,0.0,0.0,0.0,0.0,0.0,0.0,0.0,0.0,0.0,0.0,0.0,0.0,0.0,0.0,0.0,0.0,0.0,0.0,0.0,0.0,0.0,0.0,0.0,0.0,0.0,0.0,0.0,0.0,0.0,0.0,0.0,0.0,0.0,0.0,0.0],[0.0,0.0,0.0,0.0,0.0,0.0,0.0,0.0,0.0,0.0,0.0,0.0,0.0,0.0,0.0,0.0,0.0,0.0,0.0,0.0,0.0,0.0,0.0,0.0,0.0,0.0,0.0,0.0,0.0,0.0,0.0,0.0,0.0,0.0,0.0,0.0,0.0,0.0,0.0,0.0,0.0,0.0,0.0,0.0,0.0,0.0,0.0,0.0,0.0,0.0,0.0,0.0,0.0,0.0,0.0,0.0,0.0,0.0,0.0,0.0,0.0,0.0,0.0,0.0,0.0,0.0,0.0,0.0,0.0,0.0,0.0,0.0,0.0,1.0,0.0,0.0,0.0,0.0],[0.0,0.0,0.0,0.0,0.0,0.0,0.0,0.0,0.