{"classNames":["net.sf.jftp.CommandLine","net.sf.jftp.JFtp","net.sf.jftp.config.LoadSet","net.sf.jftp.config.SaveSet","net.sf.jftp.config.Settings","net.sf.jftp.event.Acceptor","net.sf.jftp.event.Event","net.sf.jftp.event.EventCollector","net.sf.jftp.event.EventHandler","net.sf.jftp.event.EventProcessor","net.sf.jftp.event.FtpEvent","net.sf.jftp.event.FtpEventConstants","net.sf.jftp.event.FtpEventHandler","net.sf.jftp.gui.AppMenuBar","net.sf.jftp.gui.AutoRemover","net.sf.jftp.gui.Creator","net.sf.jftp.gui.Dir","net.sf.jftp.gui.DirCanvas","net.sf.jftp.gui.DirCellRenderer","net.sf.jftp.gui.DirEntry","net.sf.jftp.gui.DirLister","net.sf.jftp.gui.DirPanel","net.sf.jftp.gui.Displayer","net.sf.jftp.gui.DownloadList","net.sf.jftp.gui.FtpHost","net.sf.jftp.gui.HostChooser","net.sf.jftp.gui.HostList","net.sf.jftp.gui.LoadPanel","net.sf.jftp.gui.LocalDir","net.sf.jftp.gui.NameChooser","net.sf.jftp.gui.PathChanger","net.sf.jftp.gui.Properties","net.sf.jftp.gui.RemoteCommand","net.sf.jftp.gui.RemoteDir","net.sf.jftp.gui.Remover","net.sf.jftp.gui.RemoverQuery","net.sf.jftp.gui.Renamer","net.sf.jftp.gui.ResumeDialog","net.sf.jftp.gui.SftpHostChooser","net.sf.jftp.gui.SmbHostChooser","net.sf.jftp.gui.StatusCanvas","net.sf.jftp.gui.StatusPanel","net.sf.jftp.gui.Template","net.sf.jftp.gui.TransferComponent","net.sf.jftp.gui.Updater","net.sf.jftp.gui.ZipFileCreator","net.sf.jftp.gui.framework.BorderPanel","net.sf.jftp.gui.framework.GUIDefaults","net.sf.jftp.gui.framework.HButton","net.sf.jftp.gui.framework.HFrame","net.sf.jftp.gui.framework.HImage","net.sf.jftp.gui.framework.HImageButton","net.sf.jftp.gui.framework.HPanel","net.sf.jftp.gui.framework.HPasswordField","net.sf.jftp.gui.framework.HTextField","net.sf.jftp.net.BasicConnection","net.sf.jftp.net.ConnectionHandler","net.sf.jftp.net.ConnectionListener","net.sf.jftp.net.DataConnection","net.sf.jftp.net.FilesystemConnection","net.sf.jftp.net.FtpClient","net.sf.jftp.net.FtpConnection","net.sf.jftp.net.FtpConstants","net.sf.jftp.net.FtpServer","net.sf.jftp.net.FtpServerSocket","net.sf.jftp.net.FtpURLConnection","net.sf.jftp.net.FtpURLStreamHandler","net.sf.jftp.net.JConnection","net.sf.jftp.net.SftpConnection","net.sf.jftp.net.SftpVerification","net.sf.jftp.net.SmbConnection","net.sf.jftp.net.Transfer","net.sf.jftp.util.LocalIO","net.sf.jftp.util.Log","net.sf.jftp.util.Log4JLogger","net.sf.jftp.util.Logger","net.sf.jftp.util.StringUtils","net.sf.jftp.util.SystemLogger"],"values":[[1.0,0.9712477078422252,1.0,1.0,0.9689627902499088,0.0,1.0,1.0,0.0,0.9805806756909202,1.0,0.0,0.7893522173763263,0.9486832980505138,1.0,0.8944271909999159,0.9805806756909202,0.9486832980505138,0.7559289460184544,0.9969277961190803,0.9922778767136677,0.9974586998307351,0.8528028654224417,0.9970544855015815,1.0,0.9116846116771036,0.9984603532054125,1.0,0.9948623513313953,0.8944271909999159,0.8944271909999159,0.9486832980505138,0.8944271909999159,0.9974059619080592,0.8944271909999159,0.8944271909999159,0.8944271909999159,0.8944271909999159,0.8890008890013334,0.8890008890013334,0.9805806756909202,0.9733285267845753,0.9045340337332909,1.0,1.0,0.8944271909999159,0.8944271909999159,1.0,1.0,0.8944271909999159,0.8660254037844387,0.8542421961772492,1.0,1.0,1.0,0.9961164901835046,0.9805806756909202,1.0,1.0,0.9988907373180402,1.0,0.9986693274212015,0.0,1.0,0.9986254289035241,0.9607689228305227,0.8164965809277261,0.9761870601839528,0.9978443605023737,0.9733285267845753,0.9969859996032978,0.9899494936611665,1.0,1.0,0.9079593845004517,0.0,1.0,0.6991266372144912],[0.9712477078422252,0.9999999999999999,0.9712477078422252,0.9712477078422252,0.9411028890146308,0.0,0.9712477078422252,0.9712477078422252,0.0,0.9523867336191868,0.9712477078422252,0.0,0.7666565318069348,0.9214064786997641,0.9712477078422252,0.8687103590904285,0.9523867336191868,0.9214064786997641,0.734194256112013,0.968263836864858,0.9637476133007,0.9687794758778876,0.8282828282828282,0.9683868836372203,0.9712477078422252,0.9516119977184807,0.9697523294220954,0.9712477078422252,0.9662577783491443,0.8687103590904285,0.8687103590904285,0.9214064786997641,0.8687103590904285,0.9687282542913723,0.8687103590904285,0.8687103590904285,0.8687103590904285,0.8687103590904285,0.937148374858413,0.937148374858413,0.9523867336191868,0.9453431006169687,0.8785266069287408,0.9712477078422252,0.9712477078422252,0.8687103590904285,0.8687103590904285,0.9712477078422252,0.9712477078422252,0.8687103590904285,0.8411251883587737,0.8296807749792617,0.9712477078422252,0.9712477078422252,0.9712477078422254,0.9674758578345712,0.9523867336191868,0.9712477078422252,0.9712477078422252,0.970170339004977,0.9712477078422251,0.9699552951501786,0.0,0.9712477078422252,0.9699126588155068,0.933144614065189,0.7930204326870679,0.9481194446289045,0.9691540479212215,0.9453431006169687,0.9683203668654927,0.9614861765979795,0.9712477078422252,0.9712477078422252,0.9414158067629154,0.0,0.9712477078422254,0.6790251438860176],[1.0,0.9712477078422252,1.0,1.0,0.9689627902499088,0.0,1.0,1.0,0.0,0.9805806756909202,1.0,0.0,0.7893522173763263,0.9486832980505138,1.0,0.8944271909999159,0.9805806756909202,0.9486832980505138,0.7559289460184544,0.9969277961190803,0.9922778767136677,0.9974586998307351,0.8528028654224417,0.9970544855015815,1.0,0.9116846116771036,0.9984603532054125,1.0,0.9948623513313953,0.8944271909999159,0.8944271909999159,0.9486832980505138,0.8944271909999159,0.9974059619080592,0.8944271909999159,0.8944271909999159,0.8944271909999159,0.8944271909999159,0.8890008890013334,0.8890008890013334,0.9805806756909202,0.9733285267845753,0.9045340337332909,1.0,1.0,0.8944271909999159,0.8944271909999159,1.0,1.0,0.8944271909999159,0.8660254037844387,0.8542421961772492,1.0,1.0,1.0,0.9961164901835046,0.9805806756909202,1.0,1.0,0.9988907373180402,1.0,0.9986693274212015,0.0,1.0,0.9986254289035241,0.9607689228305227,0.8164965809277261,0.9761870601839528,0.9978443605023737,0.9733285267845753,0.9969859996032978,0.9899494936611665,1.0,1.0,0.9079593845004517,0.0,1.0,0.6991266372144912],[1.0,0.9712477078422252,1.0,1.0,0.9689627902499088,0.0,1.0,1.0,0.0,0.9805806756909202,1.0,0.0,0.7893522173763263,0.9486832980505138,1.0,0.8944271909999159,0.9805806756909202,0.9486832980505138,0.7559289460184544,0.9969277961190803,0.9922778767136677,0.9974586998307351,0.8528028654224417,0.9970544855015815,1.0,0.9116846116771036,0.9984603532054125,1.0,0.9948623513313953,0.8944271909999159,0.8944271909999159,0.9486832980505138,0.8944271909999159,0.9974059619080592,0.8944271909999159,0.8944271909999159,0.8944271909999159,0.8944271909999159,0.8890008890013334,0.8890008890013334,0.9805806756909202,0.9733285267845753,0.9045340337332909,1.0,1.0,0.8944271909999159,0.8944271909999159,1.0,1.0,0.8944271909999159,0.8660254037844387,0.8542421961772492,1.0,1.0,1.0,0.9961164901835046,0.9805806756909202,1.0,1.0,0.9988907373180402,1.0,0.9986693274212015,0.0,1.0,0.9986254289035241,0.9607689228305227,0.8164965809277261,0.9761870601839528,0.9978443605023737,0.9733285267845753,0.9969859996032978,0.9899494936611665,1.0,1.0,0.9079593845004517,0.0,1.0,0.6991266372144912],[0.9689627902499088,0.9411028890146308,0.9689627902499088,0.9689627902499088,0.9999999999999999,0.0,0.9689627902499088,0.9689627902499088,0.0,0.950146187582615,0.9689627902499088,0.0,0.7648529270389177,0.9192388155425117,0.9689627902499088,0.8666666666666666,0.9939990885479666,0.9192388155425117,0.816982446237566,0.9659859390052363,0.9614803401237305,0.9824316896439645,0.8263342440128466,0.9661086963027997,0.9689627902499088,0.8833884651585509,0.9674709297958259,0.9689627902499088,0.9810967525209021,0.8666666666666666,0.8666666666666666,0.9192388155425117,0.8666666666666666,0.9757420452456188,0.8666666666666666,0.8666666666666666,0.8666666666666666,0.8666666666666666,0.8614087819413816,0.8614087819413816,0.950146187582615,0.9431191251430152,0.8764598212022147,0.9689627902499088,0.9689627902499088,0.8666666666666666,0.8666666666666666,0.9689627902499088,0.9689627902499088,0.8666666666666666,0.8391463916782737,0.8277289019571172,0.9689627902499088,0.9689627902499087,0.968962790249909,0.9651998137421545,0.950146187582615,0.9689627902499088,0.9689627902499087,0.967887955986477,0.9689627902499087,0.9676734180350473,0.0,0.9689627902499088,0.9743975315293802,0.9309493362512627,0.79115480528524,0.9458889376416986,0.966874055787516,0.9431191251430152,0.9660423360157059,0.9592242235844083,0.9689627902499088,0.9689627902499088,0.8797788586391474,0.0,0.9689627902499088,0.6774276971333891],[0.0,0.0,0.0,0.0,0.0,0.0,0.0,0.0,0.0,0.0,0.0,0.0,0.0,0.0,0.0,0.0,0.0,0.0,0.0,0.0,0.0,0.0,0.0,0.0,0.0,0.0,0.0,0.0,0.0,0.0,0.0,0.0,0.0,0.0,0.0,0.0,0.0,0.0,0.0,0.0,0.0,0.0,0.0,0.0,0.0,0.0,0.0,0.0,0.0,0.0,0.0,0.0,0.0,0.0,0.0,0.0,0.0,0.0,0.0,0.0,0.0,0.0,0.0,0.0,0.0,0.0,0.0,0.0,0.0,0.0,0.0,0.0,0.0,0.0,0.0,0.0,0.0,0.0],[1.0,0.9712477078422252,1.0,1.0,0.9689627902499088,0.0,1.0,1.0,0.0,0.9805806756909202,1.0,0.0,0.7893522173763263,0.9486832980505138,1.0,0.8944271909999159,0.9805806756909202,0.9486832980505138,0.7559289460184544,0.9969277961190803,0.9922778767136677,0.9974586998307351,0.8528028654224417,0.9970544855015815,1.0,0.9116846116771036,0.9984603532054125,1.0,0.9948623513313953,0.8944271909999159,0.8944271909999159,0.9486832980505138,0.8944271909999159,0.9974059619080592,0.8944271909999159,0.8944271909999159,0.8944271909999159,0.8944271909999159,0.8890008890013334,0.8890008890013334,0.9805806756909202,0.9733285267845753,0.9045340337332909,1.0,1.0,0.8944271909999159,0.8944271909999159,1.0,1.0,0.8944271909999159,0.8660254037844387,0.8542421961772492,1.0,1.0,1.0,0.9961164901835046,0.9805806756909202,1.0,1.0,0.9988907373180402,1.0,0.9986693274212015,0.0,1.0,0.9986254289035241,0.9607689228305227,0.8164965809277261,0.9761870601839528,0.9978443605023737,0.9733285267845753,0.9969859996032978,0.9899494936611665,1.0,1.0,0.9079593845004517,0.0,1.0,0.6991266372144912],[1.0,0.9712477078422252,1.0,1.0,0.9689627902499088,0.0,1.0,1.0,0.0,0.9805806756909202,1.0,0.0,0.7893522173763263,0.9486832980505138,1.0,0.8944271909999159,0.9805806756909202,0.9486832980505138,0.7559289460184544,0.9969277961190803,0.9922778767136677,0.9974586998307351,0.8528028654224417,0.9970544855015815,1.0,0.9116846116771036,0.9984603532054125,1.0,0.9948623513313953,0.8944271909999159,0.8944271909999159,0.9486832980505138,0.8944271909999159,0.9974059619080592,0.8944271909999159,0.8944271909999159,0.8944271909999159,0.8944271909999159,0.8890008890013334,0.8890008890013334,0.9805806756909202,0.9733285267845753,0.9045340337332909,1.0,1.0,0.8944271909999159,0.8944271909999159,1.0,1.0,0.8944271909999159,0.8660254037844387,0.8542421961772492,1.0,1.0,1.0,0.9961164901835046,0.9805806756909202,1.0,1.0,0.9988907373180402,1.0,0.9986693274212015,0.0,1.0,0.9986254289035241,0.9607689228305227,0.8164965809277261,0.9761870601839528,0.9978443605023737,0.9733285267845753,0.9969859996032978,0.9899494936611665,1.0,1.0,0.9079593845004517,0.0,1.0,0.6991266372144912],[0.0,0.0,0.0,0.0,0.0,0.0,0.0,0.0,0.0,0.0,0.0,0.0,0.0,0.0,0.0,0.0,0.0,0.0,0.0,0.0,0.0,0.0,0.0,0.0,0.0,0.0,0.0,0.0,0.0,0.0,0.0,0.0,0.0,0.0,0.0,0.0,0.0,0.0,0.0,0.0,0.0,0.0,0.0,0.0,0.0,0.0,0.0,0.0,0.0,0.0,0.0,0.0,0.0,0.0,0.0,0.0,0.0,0.0,0.0,0.0,0.0,0.0,0.0,0.0,0.0,0.0,0.0,0.0,0.0,0.0,0.0,0.0,0.0,0.0,0.0,0.0,0.0,0.0],[0.9805806756909202,0.9523867336191868,0.9805806756909202,0.9805806756909202,0.950146187582615,0.0,0.9805806756909202,0.9805806756909202,0.0,1.0000000000000002,0.9805806756909202,0.0,0.894427190999916,0.9302605094190635,0.9805806756909202,0.8770580193070293,0.9615384615384617,0.9302605094190635,0.7412493166611012,0.9775681319335077,0.97300851082104,0.978088725853809,0.8362420100070908,0.9776923610938036,0.9805806756909202,0.8939803125353484,0.9790709277967582,0.9805806756909202,0.9755427966879974,0.8770580193070293,0.8770580193070293,0.9302605094190635,0.8770580193070293,0.978037012065957,0.8770580193070293,0.8770580193070293,0.8770580193070293,0.8770580193070293,0.8717370924267565,0.8717370924267565,0.9615384615384617,0.9544271444636668,0.8869685939836239,0.9805806756909202,0.9805806756909202,0.8770580193070293,0.8770580193070293,0.9805806756909202,0.9805806756909202,0.8770580193070293,0.8492077756084468,0.8376533899311827,0.9805806756909202,0.9805806756909201,0.9805806756909202,0.9889822382736464,0.9615384615384617,0.9805806756909202,0.9805806756909201,0.9794929541407256,0.9805806756909202,0.9818872461248106,0.0,0.9805806756909202,0.9792327978363526,0.9421114395319916,0.8006407690254358,0.9572301670759135,0.9842225848867082,0.9544271444636668,0.9833759416462444,0.9984603532054125,0.9805806756909202,0.9805806756909202,0.8903274267533648,0.0,0.9805806756909202,0.6855500703133066],[1.0,0.9712477078422252,1.0,1.0,0.9689627902499088,0.0,1.0,1.0,0.0,0.9805806756909202,1.0,0.0,0.7893522173763263,0.9486832980505138,1.0,0.8944271909999159,0.9805806756909202,0.9486832980505138,0.7559289460184544,0.9969277961190803,0.9922778767136677,0.9974586998307351,0.8528028654224417,0.9970544855015815,1.0,0.9116846116771036,0.9984603532054125,1.0,0.9948623513313953,0.8944271909999159,0.8944271909999159,0.9486832980505138,0.8944271909999159,0.9974059619080592,0.8944271909999159,0.8944271909999159,0.8944271909999159,0.8944271909999159,0.8890008890013334,0.8890008890013334,0.9805806756909202,0.9733285267845753,0.9045340337332909,1.0,1.0,0.8944271909999159,0.8944271909999159,1.0,1.0,0.8944271909999159,0.8660254037844387,0.8542421961772492,1.0,1.0,1.0,0.9961164901835046,0.9805806756909202,1.0,1.0,0.9988907373180402,1.0,0.9986693274212015,0.0,1.0,0.9986254289035241,0.9607689228305227,0.8164965809277261,0.9761870601839528,0.9978443605023737,0.9733285267845753,0.9969859996032978,0.9899494936611665,1.0,1.0,0.9079593845004517,0.0,1.0,0.6991266372144912],[0.0,0.0,0.0,0.0,0.0,0.0,0.0,0.0,0.0,0.0,0.0,0.0,0.0,0.0,0.0,0.0,0.0,0.0,0.0,0.0,0.0,0.0,0.0,0.0,0.0,0.0,0.0,0.0,0.0,0.0,0.0,0.0,0.0,0.0,0.0,0.0,0.0,0.0,0.0,0.0,0.0,0.0,0.0,0.0,0.0,0.0,0.0,0.0,0.0,0.0,0.0,0.0,0.0,0.0,0.0,0.0,0.0,0.0,0.0,0.0,0.0,0.0,0.0,0.0,0.0,0.0,0.0,0.0,0.0,0.0,0.0,0.0,0.0,0.0,0.0,0.0,0.0,0.0],[0.7893522173763263,0.7666565318069348,0.7893522173763263,0.7893522173763263,0.7648529270389177,0.0,0.7893522173763263,0.7893522173763263,0.0,0.894427190999916,0.7893522173763263,0.0,1.0,0.7488452649040593,0.7893522173763263,0.7060180864974626,0.7740235306730042,0.7488452649040593,0.5966941897186163,0.7869271664306903,0.7832567422374066,0.7873462364526983,0.6731618328060892,0.7870271689756856,0.7893522173763263,0.7196402697751967,0.7881368937650424,0.7893522173763263,0.7852968030076626,0.7060180864974626,0.7060180864974626,0.7488452649040593,0.7060180864974626,0.7873046076564942,0.7060180864974626,0.7060180864974626,0.7060180864974626,0.7060180864974626,0.701734822982728,0.701734822982728,0.7740235306730042,0.7682990308530376,0.7139959452197259,0.7893522173763263,0.7893522173763263,0.7060180864974626,0.7060180864974626,0.7893522173763263,0.7893522173763263,0.7060180864974626,0.683599072781475,0.6742979717289344,0.7893522173763263,0.7893522173763263,0.7893522173763263,0.8245090333611973,0.7740235306730042,0.7893522173763263,0.7893522173763263,0.7884766184186687,0.7893522173763263,0.7964768301533234,0.0,0.7893522173763263,0.7882671966333816,0.7583850796225378,0.6445033866354897,0.7705554205302805,0.8056688108789883,0.7682990308530376,0.8049757623112584,0.8682431421244593,0.7893522173763263,0.7893522173763263,0.7166997534430759,0.0,0.7893522173763263,0.551857161312113],[0.9486832980505138,0.9214064786997641,0.9486832980505138,0.9486832980505138,0.9192388155425117,0.0,0.9486832980505138,0.9486832980505138,0.0,0.9302605094190635,0.9486832980505138,0.0,0.7488452649040593,0.9999999999999998,0.9486832980505138,0.9899494936611664,0.9302605094190635,0.8999999999999998,0.7171371656006361,0.9457687495404792,0.9805806756909201,0.9462724090245991,0.8764598212022146,0.9701425001453319,0.9486832980505138,0.8829187134416476,0.9472226608515916,0.9486832980505138,0.955909415754118,0.9899494936611664,0.9899494936611664,0.9999999999999998,0.9899494936611664,0.9593643549026019,0.9899494936611664,0.9899494936611664,0.9899494936611664,0.9899494936611664,0.8634607785701862,0.8634607785701862,0.9302605094190635,0.9746794344808964,0.9534625892455924,0.9486832980505138,0.9486832980505138,0.8485281374238569,0.8485281374238569,0.9486832980505138,0.9486832980505138,0.8485281374238569,0.8215838362577491,0.8104053040033466,0.9486832980505138,0.9486832980505138,0.9486832980505137,0.9449990771497893,0.9302605094190635,0.9486832980505138,0.9486832980505138,0.9476309590709879,0.9486832980505138,0.9474209111998338,0.0,0.9486832980505138,0.9473792654093041,0.9114654303752998,0.7745966692414834,0.9260923597695477,0.9466382788624976,0.9233805168766388,0.9458239662138448,0.9391485505499116,0.9486832980505138,0.9486832980505138,0.861365903383803,0.0,0.9486832980505138,0.6632497639476086],[1.0,0.9712477078422252,1.0,1.0,0.9689627902499088,0.0,1.0,1.0,0.0,0.9805806756909202,1.0,0.0,0.7893522173763263,0.9486832980505138,1.0,0.8944271909999159,0.9805806756909202,0.9486832980505138,0.7559289460184544,0.9969277961190803,0.9922778767136677,0.9974586998307351,0.8528028654224417,0.9970544855015815,1.0,0.9116846116771036,0.9984603532054125,1.0,0.9948623513313953,0.8944271909999159,0.8944271909999159,0.9486832980505138,0.8944271909999159,0.9974059619080592,0.8944271909999159,0.8944271909999159,0.8944271909999159,0.8944271909999159,0.8890008890013334,0.8890008890013334,0.9805806756909202,0.9733285267845753,0.9045340337332909,1.0,1.0,0.8944271909999159,0.8944271909999159,1.0,1.0,0.8944271909999159,0.8660254037844387,0.8542421961772492,1.0,1.0,1.0,0.9961164901835046,0.9805806756909202,1.0,1.0,0.9988907373180402,1.0,0.9986693274212015,0.0,1.0,0.9986254289035241,0.9607689228305227,0.8164965809277261,0.9761870601839528,0.9978443605023737,0.9733285267845753,0.9969859996032978,0.9899494936611665,1.0,1.0,0.9079593845004517,0.0,1.0,0.6991266372144912],[0.8944271909999159,0.8687103590904285,0.8944271909999159,0.8944271909999159,0.8666666666666666,0.0,0.8944271909999159,0.8944271909999159,0.0,0.8770580193070293,0.8944271909999159,0.0,0.7060180864974626,0.9899494936611664,0.8944271909999159,0.9999999999999998,0.8770580193070293,0.8485281374238569,0.6761234037828131,0.8916793283125257,0.9429903335828895,0.8921541830280326,0.858116330321033,0.9260923597695476,0.8944271909999159,0.8409178658720821,0.8930500890423008,0.8944271909999159,0.9069440909931595,0.9999999999999998,0.9999999999999998,0.9899494936611664,0.9999999999999998,0.9106925755625777,0.9999999999999998,0.9999999999999998,0.9999999999999998,0.9999999999999998,0.823544659658244,0.823544659658244,0.8770580193070293,0.9431191251430152,0.9438798074485389,0.8944271909999159,0.8944271909999159,0.7999999999999998,0.7999999999999998,0.8944271909999159,0.8944271909999159,0.7999999999999998,0.7745966692414834,0.764057447960416,0.8944271909999159,0.8944271909999159,0.8944271909999159,0.8909536742235272,0.8770580193070293,0.8944271909999159,0.8944271909999159,0.8934350362952097,0.8944271909999159,0.8932370012631206,0.0,0.8944271909999159,0.8931977372352653,0.8593378488473193,0.7302967433402214,0.8731282501307986,0.8924991284192454,0.870571500132014,0.8917313870914209,0.8854377448471461,0.8944271909999159,0.8944271909999159,0.8121035618207516,0.0,0.8944271909999159,0.6253178742769746],[0.9805806756909202,0.9523867336191868,0.9805806756909202,0.9805806756909202,0.9939990885479666,0.0,0.9805806756909202,0.9805806756909202,0.0,0.9615384615384617,0.9805806756909202,0.0,0.7740235306730042,0.9302605094190635,0.9805806756909202,0.8770580193070293,1.0000000000000002,0.9302605094190635,0.8153742483272113,0.9775681319335077,0.97300851082104,0.9920614219374349,0.8362420100070908,0.9776923610938036,0.9805806756909202,0.8939803125353484,0.9790709277967582,0.9805806756909202,0.9905511474062743,0.8770580193070293,0.8770580193070293,0.9302605094190635,0.8770580193070293,0.9861873204998399,0.8770580193070293,0.8770580193070293,0.8770580193070293,0.8770580193070293,0.8717370924267565,0.8717370924267565,0.9615384615384617,0.9544271444636668,0.8869685939836239,0.9805806756909202,0.9805806756909202,0.8770580193070293,0.8770580193070293,0.9805806756909202,0.9805806756909202,0.8770580193070293,0.8492077756084468,0.8376533899311827,0.9805806756909202,0.9805806756909201,0.9805806756909202,0.9767725810110088,0.9615384615384617,0.9805806756909202,0.9805806756909201,0.9794929541407256,0.9805806756909202,0.9792758438744786,0.0,0.9805806756909202,0.9851675420656639,0.9421114395319916,0.8006407690254358,0.9572301670759135,0.9784668972557917,0.9544271444636668,0.9776252051453892,0.970725343394151,0.9805806756909202,0.9805806756909202,0.8903274267533648,0.0,0.9805806756909202,0.6855500703133066],[0.9486832980505138,0.9214064786997641,0.9486832980505138,0.9486832980505138,0.9192388155425117,0.0,0.9486832980505138,0.9486832980505138,0.0,0.9302605094190635,0.9486832980505138,0.0,0.7488452649040593,0.8999999999999998,0.9486832980505138,0.8485281374238569,0.9302605094190635,0.9999999999999998,0.7171371656006361,0.9457687495404792,0.9413574486632833,0.9462724090245991,0.8090398349558904,0.9458889376416986,0.9486832980505138,0.8648999641877365,0.9472226608515916,0.9486832980505138,0.943809296567357,0.8485281374238569,0.8485281374238569,0.8999999999999998,0.8485281374238569,0.9462223774381826,0.8485281374238569,0.8485281374238569,0.8485281374238569,0.8485281374238569,0.8433802953476238,0.8433802953476238,0.9922778767136677,0.9233805168766388,0.8581163303210331,0.9486832980505138,0.9486832980505138,0.8485281374238569,0.9899494936611664,0.9486832980505138,0.9486832980505138,0.8485281374238569,0.8215838362577491,0.870435326522113,0.9486832980505138,0.9486832980505138,0.9486832980505137,0.9449990771497893,0.9302605094190635,0.9486832980505138,0.9486832980505138,0.9476309590709879,0.9486832980505138,0.9474209111998338,0.0,0.9486832980505138,0.9473792654093041,0.9114654303752998,0.7745966692414834,0.9260923597695477,0.9466382788624976,0.9233805168766388,0.9458239662138448,0.9391485505499116,0.9486832980505138,0.9486832980505138,0.861365903383803,0.0,0.9486832980505138,0.6632497639476086],[0.7559289460184544,0.734194256112013,0.7559289460184544,0.7559289460184544,0.816982446237566,0.0,0.7559289460184544,0.7559289460184544,0.0,0.7412493166611012,0.7559289460184544,0.0,0.5966941897186163,0.7171371656006361,0.7559289460184544,0.6761234037828131,0.8153742483272113,0.7171371656006361,0.9999999999999999,0.753606578176797,0.7500915695015926,0.7809367573621278,0.6446583712203042,0.7537023463481828,0.7559289460184544,0.6891687876063168,0.7547650824397811,0.7559289460184544,0.7809700659321284,0.6761234037828131,0.6761234037828131,0.7171371656006361,0.6761234037828131,0.7696757049863836,0.6761234037828131,0.6761234037828131,0.6761234037828131,0.6761234037828131,0.672021505032247,0.672021505032247,0.7412493166611012,0.735767207381959,0.6837634587578276,0.7559289460184544,0.7559289460184544,0.6761234037828131,0.6761234037828131,0.7559289460184544,0.7559289460184544,0.6761234037828131,0.7637626158259734,0.6457464030007577,0.7559289460184544,0.7559289460184545,0.7559289460184544,0.7529932885360187,0.7412493166611012,0.7559289460184544,0.7559289460184545,0.7550904222484229,0.7559289460184544,0.7549230520984677,0.0,0.7559289460184544,0.7663275932100599,0.7262730392025628,0.6172133998483676,0.737928055521709,0.76539207448568,0.7970811413304556,0.7536505758752762,0.7483314773547882,0.7559289460184544,0.7559289460184544,0.686352780552991,0.0,0.7559289460184544,0.5284900620029767],[0.9969277961190803,0.968263836864858,0.9969277961190803,0.9969277961190803,0.9659859390052363,0.0,0.9969277961190803,0.9969277961190803,0.0,0.9775681319335077,0.9969277961190803,0.0,0.7869271664306903,0.9457687495404792,0.9969277961190803,0.8916793283125257,0.9775681319335077,0.9457687495404792,0.753606578176797,1.0,0.9892293967698772,0.9943943033420579,0.8501828811496315,0.9939913308417352,0.9969277961190803,0.9088837306749343,0.9953928794333504,0.9969277961190803,0.9918059313546541,0.8916793283125257,0.8916793283125257,0.9457687495404792,0.8916793283125257,0.9943417274410328,0.8916793283125257,0.8916793283125257,0.8916793283125257,0.8916793283125257,0.8862696970200026,0.8862696970200026,0.9775681319335077,0.970338263107178,0.9017551207644315,0.9969277961190803,0.9969277961190803,0.8916793283125257,0.8916793283125257,0.9969277961190803,0.9969277961190803,0.8916793283125257,0.8793530341627341,0.8568746899250989,0.9969277961190803,0.9969277961190803,0.9969277961190803,0.9930562172365147,0.9775681319335077,0.9969277961190803,0.9969277961190803,0.9958219413182371,0.9969277961190803,0.9956012116377427,0.0,0.9969277961190803,0.9955574479852617,0.9578172448171358,0.8139881369630424,0.973188014509152,0.9947787791854845,0.970338263107178,0.993923055346094,0.9869081669848261,0.9969277961190803,0.9969277961190802,0.9051699481556719,0.0,0.9969277961190803,0.6969787776463865],[0.9922778767136677,0.9637476133007,0.9922778767136677,0.9922778767136677,0.9614803401237305,0.0,0.9922778767136677,0.9922778767136677,0.0,0.97300851082104,0.9922778767136677,0.0,0.7832567422374066,0.9805806756909201,0.9922778767136677,0.9429903335828895,0.97300851082104,0.9413574486632833,0.7500915695015926,0.9892293967698772,1.0000000000000002,0.9897562007776174,0.8726617108241094,0.9988681377244376,0.9922778767136677,0.9117120056348832,0.9907501192614454,0.9922778767136677,0.9919259588207217,0.9429903335828895,0.9429903335828895,0.9805806756909201,0.9429903335828895,0.9948585777604724,0.9429903335828895,0.9429903335828895,0.9429903335828895,0.9429903335828895,0.8900121280574383,0.8900121280574383,0.97300851082104,0.9859334548172789,0.9349469900084573,0.9922778767136677,0.9922778767136677,0.8875203139603666,0.8875203139603666,0.9922778767136677,0.9922778767136677,0.8875203139603666,0.8593378488473196,0.8476456326219811,0.9922778767136677,0.9922778767136677,0.9922778767136677,0.988424355838759,0.97300851082104,0.9922778767136677,0.9922778767136677,0.991177179894895,0.9922778767136677,0.9909574797525764,0.0,0.9922778767136677,0.9909139202246645,0.9533497467587487,0.8101914936669333,0.9686488233546899,0.9901388833300029,0.9658123639026406,0.9892871507996138,0.9823049816238727,0.9922778767136677,0.9922778767136677,0.9009480101943568,0.0,0.9922778767136677,0.693727895129162],[0.9974586998307351,0.9687794758778876,0.9974586998307351,0.9974586998307351,0.9824316896439645,0.0,0.9974586998307351,0.9974586998307351,0.0,0.978088725853809,0.9974586998307351,0.0,0.7873462364526983,0.9462724090245991,0.9974586998307351,0.8921541830280326,0.9920614219374349,0.9462724090245991,0.7809367573621278,0.9943943033420579,0.9897562007776174,1.0000000000000002,0.8506356373561941,0.99452067076881,0.9974586998307351,0.9093677474191323,0.9959229657408072,0.9974586998307351,0.9977864926754382,0.8921541830280326,0.8921541830280326,0.9462724090245991,0.8921541830280326,0.9978321803193324,0.8921541830280326,0.8921541830280326,0.8921541830280326,0.8921541830280326,0.8867416708916377,0.8867416708916377,0.978088725853809,0.9708550068347073,0.9022353412402585,0.9974586998307351,0.9974586998307351,0.8921541830280326,0.8921541830280326,0.9974586998307351,0.9974586998307351,0.8921541830280326,0.8638245732792136,0.8520713103395107,0.9974586998307351,0.997458699830735,0.997458699830735,0.9935850591783937,0.978088725853809,0.9974586998307351,0.997458699830735,0.9963522561182168,0.9974586998307351,0.9961314088903863,0.0,0.9974586998307351,0.9982436557457249,0.958327320604309,0.8144216180284102,0.9737062758426731,0.9953085384601289,0.9708550068347073,0.9944523589137512,0.9874337348453616,0.9974586998307351,0.997458699830735,0.9056519871629349,0.0,0.9974586998307351,0.6973499465730004],[0.8528028654224417,0.8282828282828282,0.8528028654224417,0.8528028654224417,0.8263342440128466,0.0,0.8528028654224417,0.8528028654224417,0.0,0.8362420100070908,0.8528028654224417,0.0,0.6731618328060892,0.8764598212022146,0.8528028654224417,0.858116330321033,0.8362420100070908,0.8090398349558904,0.6446583712203042,0.8501828811496315,0.8726617108241094,0.8506356373561941,1.0,0.8666426707222402,0.8528028654224417,0.8017837257372731,0.8514898502242789,0.8528028654224417,0.8565793626078249,0.858116330321033,0.858116330321033,0.8764598212022146,0.858116330321033,0.859450981703626,0.858116330321033,0.858116330321033,0.858116330321033,0.858116330321033,0.7852190235571294,0.7852190235571294,0.8362420100070908,0.8992288030258971,0.899954085146515,0.8528028654224417,0.8528028654224417,0.7627700713964737,0.7627700713964737,0.8528028654224417,0.8528028654224417,0.858116330321033,0.7385489458759964,0.7285001926647177,0.8528028654224417,0.8528028654224417,0.8528028654224418,0.8494909971230383,0.8362420100070908,0.8528028654224417,0.8528028654224417,0.8518568830287602,0.8528028654224417,0.8516680640343033,0.0,0.8528028654224417,0.8516306272526402,0.8193464903987027,0.6963106238227914,0.8324951221131845,0.8509645298820482,0.8300573566392897,0.8502325172477497,0.8442317648177381,0.8528028654224417,0.8528028654224418,0.7743103647891817,0.0,0.8528028654224417,0.596217199509674],[0.9970544855015815,0.9683868836372203,0.9970544855015815,0.9970544855015815,0.9661086963027997,0.0,0.9970544855015815,0.9970544855015815,0.0,0.9776923610938036,0.9970544855015815,0.0,0.7870271689756856,0.9701425001453319,0.9970544855015815,0.9260923597695476,0.9776923610938036,0.9458889376416986,0.7537023463481828,0.9939913308417352,0.9988681377244376,0.99452067076881,0.8666426707222402,0.9999999999999998,0.9970544855015815,0.9133694200480938,0.9955193737589498,0.9970544855015815,0.994866679821593,0.9260923597695476,0.9260923597695476,0.9701425001453319,0.9260923597695476,0.9976554859049962,0.9260923597695476,0.9260923597695476,0.9260923597695476,0.9260923597695476,0.8912525565430889,0.8912525565430889,0.9776923610938036,0.982903388542043,0.9249945801257606,0.9970544855015815,0.9970544855015815,0.8917926427410459,0.8917926427410459,0.9970544855015815,0.9970544855015815,0.8917926427410459,0.863474513401593,0.8517260134032483,0.9970544855015815,0.9970544855015814,0.9970544855015815,0.9931824146195554,0.9776923610938036,0.9970544855015815,0.9970544855015814,0.9959484901689339,0.9970544855015815,0.9957277324381565,0.0,0.9970544855015815,0.9956839632241994,0.9579389640386955,0.8140915784106943,0.9733116870450125,0.9949051954713488,0.970461573497207,0.9940493628867461,0.9870335830748855,0.9970544855015815,0.9970544855015815,0.9052849769694304,0.0,0.9970544855015815,0.6970673495683454],[1.0,0.9712477078422252,1.0,1.0,0.9689627902499088,0.0,1.0,1.0,0.0,0.9805806756909202,1.0,0.0,0.7893522173763263,0.9486832980505138,1.0,0.8944271909999159,0.9805806756909202,0.9486832980505138,0.7559289460184544,0.9969277961190803,0.9922778767136677,0.9974586998307351,0.8528028654224417,0.9970544855015815,1.0,0.9116846116771036,0.9984603532054125,1.0,0.9948623513313953,0.8944271909999159,0.8944271909999159,0.9486832980505138,0.8944271909999159,0.9974059619080592,0.8944271909999159,0.8944271909999159,0.8944271909999159,0.8944271909999159,0.8890008890013334,0.8890008890013334,0.9805806756909202,0.9733285267845753,0.9045340337332909,1.0,1.0,0.8944271909999159,0.8944271909999159,1.0,1.0,0.8944271909999159,0.8660254037844387,0.8542421961772492,1.0,1.0,1.0,0.9961164901835046,0.9805806756909202,1.0,1.0,0.9988907373180402,1.0,0.9986693274212015,0.0,1.0,0.9986254289035241,0.9607689228305227,0.8164965809277261,0.9761870601839528,0.9978443605023737,0.9733285267845753,0.9969859996032978,0.9899494936611665,1.0,1.0,0.9079593845004517,0.0,1.0,0.6991266372144912],[0.9116846116771036,0.9516119977184807,0.9116846116771036,0.9116846116771036,0.8833884651585509,0.0,0.9116846116771036,0.9116846116771036,0.0,0.8939803125353484,0.9116846116771036,0.0,0.7196402697751967,0.8829187134416476,0.9116846116771036,0.8409178658720821,0.8939803125353484,0.8648999641877365,0.6891687876063168,0.9088837306749343,0.9117120056348832,0.9093677474191323,0.8017837257372731,0.9133694200480938,0.9116846116771036,0.9999999999999998,0.9102809393870601,0.9116846116771036,0.9091809865814201,0.8409178658720821,0.8409178658720821,0.8829187134416476,0.8409178658720821,0.9116876870328962,0.8409178658720821,0.8409178658720821,0.8409178658720821,0.8409178658720821,0.9986375301538367,0.9986375301538367,0.8939803125353484,0.9058554866420061,0.8590101659300619,0.9116846116771036,0.9116846116771036,0.8154355063002008,0.8154355063002008,0.9116846116771036,0.9116846116771036,0.8409178658720821,0.7895420339517227,0.7787994649000515,0.9116846116771036,0.9116846116771035,0.9116846116771036,0.9081440755381077,0.8939803125353484,0.9116846116771036,0.9116846116771035,0.9106733139596531,0.9116846116771036,0.9104714579638323,0.0,0.9116846116771036,0.9104314363607903,0.8759182423221742,0.7443873683187767,0.8899747208880202,0.9097193483187943,0.8873686399758428,0.9089367938958415,0.9025217197084258,0.9116846116771036,0.9116846116771036,0.8277725988768762,0.0,0.9116846116771036,0.6373829967620127],[0.9984603532054125,0.9697523294220954,0.9984603532054125,0.9984603532054125,0.9674709297958259,0.0,0.9984603532054125,0.9984603532054125,0.0,0.9790709277967582,0.9984603532054125,0.0,0.7881368937650424,0.9472226608515916,0.9984603532054125,0.8930500890423008,0.9790709277967582,0.9472226608515916,0.7547650824397811,0.9953928794333504,0.9907501192614454,0.9959229657408072,0.8514898502242789,0.9955193737589498,0.9984603532054125,0.9102809393870601,1.0,0.9984603532054125,0.9933306147011121,0.8930500890423008,0.8930500890423008,0.9472226608515916,0.8930500890423008,0.9958703090159049,0.8930500890423008,0.8930500890423008,0.8930500890423008,0.8930500890423008,0.8876321416321971,0.8876321416321971,0.9790709277967582,0.9718299446382308,0.903141370807658,0.9984603532054125,0.9984603532054125,0.8930500890423008,0.8930500890423008,0.9984603532054125,0.9984603532054125,0.8930500890423008,0.8646920305474706,0.8529269649181034,0.9984603532054125,0.9984603532054125,0.9984603532054125,0.9945828226223576,0.9790709277967582,0.9984603532054125,0.9984603532054125,0.9973527983961853,0.9984603532054125,0.9971317293923847,0.0,0.9984603532054125,0.9970878984629191,0.9592896780381475,0.815239464584109,0.9746840769058228,0.9963080326312288,0.9718299446382308,0.99545099330476,0.9884253210964475,0.9984603532054125,0.9984603532054125,0.9065614477444898,0.0,0.9984603532054125,0.6980502291284932],[1.0,0.9712477078422252,1.0,1.0,0.9689627902499088,0.0,1.0,1.0,0.0,0.9805806756909202,1.0,0.0,0.7893522173763263,0.9486832980505138,1.0,0.8944271909999159,0.9805806756909202,0.9486832980505138,0.7559289460184544,0.9969277961190803,0.9922778767136677,0.9974586998307351,0.8528028654224417,0.9970544855015815,1.0,0.9116846116771036,0.9984603532054125,1.0,0.9948623513313953,0.8944271909999159,0.8944271909999159,0.9486832980505138,0.8944271909999159,0.9974059619080592,0.8944271909999159,0.8944271909999159,0.8944271909999159,0.8944271909999159,0.8890008890013334,0.8890008890013334,0.9805806756909202,0.9733285267845753,0.9045340337332909,1.0,1.0,0.8944271909999159,0.8944271909999159,1.0,1.0,0.8944271909999159,0.8660254037844387,0.8542421961772492,1.0,1.0,1.0,0.9961164901835046,0.9805806756909202,1.0,1.0,0.9988907373180402,1.0,0.9986693274212015,0.0,1.0,0.9986254289035241,0.9607689228305227,0.8164965809277261,0.9761870601839528,0.9978443605023737,0.9733285267845753,0.9969859996032978,0.9899494936611665,1.0,1.0,0.9079593845004517,0.0,1.0,0.6991266372144912],[0.9948623513313953,0.9662577783491443,0.9948623513313953,0.9948623513313953,0.9810967525209021,0.0,0.9948623513313953,0.9948623513313953,0.0,0.9755427966879974,0.9948623513313953,0.0,0.7852968030076626,0.955909415754118,0.9948623513313953,0.9069440909931595,0.9905511474062743,0.943809296567357,0.7809700659321284,0.9918059313546541,0.9919259588207217,0.9977864926754382,0.8565793626078249,0.994866679821593,0.9948623513313953,0.9091809865814201,0.9933306147011121,0.9948623513313953,1.0000000000000002,0.9069440909931595,0.9069440909931595,0.955909415754118,0.9069440909931595,0.9986424202425718,0.9069440909931595,0.9069440909931595,0.9069440909931595,0.9069440909931595,0.886863277170775,0.886863277170775,0.9755427966879974,0.9745351369464591,0.9114238666291629,0.9948623513313953,0.9948623513313953,0.9069440909931595,0.8898319383329113,0.9948623513313953,0.9948623513313953,0.8898319383329113,0.8615760695217077,0.8498533998953931,0.9948623513313953,0.9948623513313952,0.9948623513313953,0.9909987936239381,0.9755427966879974,0.9948623513313953,0.9948623513313952,0.9937587876513767,0.9948623513313952,0.9935385152807996,0.0,0.9948623513313953,0.9958106810915192,0.9558328296533057,0.8123017083558025,0.9711717540338896,0.9938407706738293,0.9745351369464591,0.9929858537236305,0.9848634809630723,0.9948623513313953,0.9948623513313953,0.9032946081775258,0.0,0.9948623513313952,0.69553477017762],[0.8944271909999159,0.8687103590904285,0.8944271909999159,0.8944271909999159,0.8666666666666666,0.0,0.8944271909999159,0.8944271909999159,0.0,0.8770580193070293,0.8944271909999159,0.0,0.7060180864974626,0.9899494936611664,0.8944271909999159,0.9999999999999998,0.8770580193070293,0.8485281374238569,0.6761234037828131,0.8916793283125257,0.9429903335828895,0.8921541830280326,0.858116330321033,0.9260923597695476,0.8944271909999159,0.8409178658720821,0.8930500890423008,0.8944271909999159,0.9069440909931595,0.9999999999999998,0.9999999999999998,0.9899494936611664,0.9999999999999998,0.9106925755625777,0.9999999999999998,0.9999999999999998,0.9999999999999998,0.9999999999999998,0.823544659658244,0.823544659658244,0.8770580193070293,0.9431191251430152,0.9438798074485389,0.8944271909999159,0.8944271909999159,0.7999999999999998,0.7999999999999998,0.8944271909999159,0.8944271909999159,0.7999999999999998,0.7745966692414834,0.764057447960416,0.8944271909999159,0.8944271909999159,0.8944271909999159,0.8909536742235272,0.8770580193070293,0.8944271909999159,0.8944271909999159,0.8934350362952097,0.8944271909999159,0.8932370012631206,0.0,0.8944271909999159,0.8931977372352653,0.8593378488473193,0.7302967433402214,0.8731282501307986,0.8924991284192454,0.870571500132014,0.8917313870914209,0.8854377448471461,0.8944271909999159,0.8944271909999159,0.8121035618207516,0.0,0.8944271909999159,0.6253178742769746],[0.8944271909999159,0.8687103590904285,0.8944271909999159,0.8944271909999159,0.8666666666666666,0.0,0.8944271909999159,0.8944271909999159,0.0,0.8770580193070293,0.8944271909999159,0.0,0.7060180864974626,0.9899494936611664,0.8944271909999159,0.9999999999999998,0.8770580193070293,0.8485281374238569,0.6761234037828131,0.8916793283125257,0.9429903335828895,0.8921541830280326,0.858116330321033,0.9260923597695476,0.8944271909999159,0.8409178658720821,0.8930500890423008,0.8944271909999159,0.9069440909931595,0.9999999999999998,0.9999999999999998,0.9899494936611664,0.9999999999999998,0.9106925755625777,0.9999999999999998,0.9999999999999998,0.9999999999999998,0.9999999999999998,0.823544659658244,0.823544659658244,0.8770580193070293,0.9431191251430152,0.9438798074485389,0.8944271909999159,0.8944271909999159,0.7999999999999998,0.7999999999999998,0.8944271909999159,0.8944271909999159,0.7999999999999998,0.7745966692414834,0.764057447960416,0.8944271909999159,0.8944271909999159,0.8944271909999159,0.8909536742235272,0.8770580193070293,0.8944271909999159,0.8944271909999159,0.8934350362952097,0.8944271909999159,0.8932370012631206,0.0,0.8944271909999159,0.8931977372352653,0.8593378488473193,0.7302967433402214,0.8731282501307986,0.8924991284192454,0.870571500132014,0.8917313870914209,0.8854377448471461,0.8944271909999159,0.8944271909999159,0.8121035618207516,0.0,0.8944271909999159,0.6253178742769746],[0.9486832980505138,0.9214064786997641,0.9486832980505138,0.9486832980505138,0.9192388155425117,0.0,0.9486832980505138,0.9486832980505138,0.0,0.9302605094190635,0.9486832980505138,0.0,0.7488452649040593,0.9999999999999998,0.9486832980505138,0.9899494936611664,0.9302605094190635,0.8999999999999998,0.7171371656006361,0.9457687495404792,0.9805806756909201,0.9462724090245991,0.8764598212022146,0.9701425001453319,0.9486832980505138,0.882