{"classNames":["net.sf.jftp.CommandLine","net.sf.jftp.JFtp","net.sf.jftp.config.LoadSet","net.sf.jftp.config.SaveSet","net.sf.jftp.config.Settings","net.sf.jftp.event.Acceptor","net.sf.jftp.event.Event","net.sf.jftp.event.EventCollector","net.sf.jftp.event.EventHandler","net.sf.jftp.event.EventProcessor","net.sf.jftp.event.FtpEvent","net.sf.jftp.event.FtpEventConstants","net.sf.jftp.event.FtpEventHandler","net.sf.jftp.gui.AppMenuBar","net.sf.jftp.gui.AutoRemover","net.sf.jftp.gui.Creator","net.sf.jftp.gui.Dir","net.sf.jftp.gui.DirCanvas","net.sf.jftp.gui.DirCellRenderer","net.sf.jftp.gui.DirEntry","net.sf.jftp.gui.DirLister","net.sf.jftp.gui.DirPanel","net.sf.jftp.gui.Displayer","net.sf.jftp.gui.DownloadList","net.sf.jftp.gui.FtpHost","net.sf.jftp.gui.HostChooser","net.sf.jftp.gui.HostList","net.sf.jftp.gui.LoadPanel","net.sf.jftp.gui.LocalDir","net.sf.jftp.gui.NameChooser","net.sf.jftp.gui.PathChanger","net.sf.jftp.gui.Properties","net.sf.jftp.gui.RemoteCommand","net.sf.jftp.gui.RemoteDir","net.sf.jftp.gui.Remover","net.sf.jftp.gui.RemoverQuery","net.sf.jftp.gui.Renamer","net.sf.jftp.gui.ResumeDialog","net.sf.jftp.gui.SftpHostChooser","net.sf.jftp.gui.SmbHostChooser","net.sf.jftp.gui.StatusCanvas","net.sf.jftp.gui.StatusPanel","net.sf.jftp.gui.Template","net.sf.jftp.gui.TransferComponent","net.sf.jftp.gui.Updater","net.sf.jftp.gui.ZipFileCreator","net.sf.jftp.gui.framework.BorderPanel","net.sf.jftp.gui.framework.GUIDefaults","net.sf.jftp.gui.framework.HButton","net.sf.jftp.gui.framework.HFrame","net.sf.jftp.gui.framework.HImage","net.sf.jftp.gui.framework.HImageButton","net.sf.jftp.gui.framework.HPanel","net.sf.jftp.gui.framework.HPasswordField","net.sf.jftp.gui.framework.HTextField","net.sf.jftp.net.BasicConnection","net.sf.jftp.net.ConnectionHandler","net.sf.jftp.net.ConnectionListener","net.sf.jftp.net.DataConnection","net.sf.jftp.net.FilesystemConnection","net.sf.jftp.net.FtpClient","net.sf.jftp.net.FtpConnection","net.sf.jftp.net.FtpConstants","net.sf.jftp.net.FtpServer","net.sf.jftp.net.FtpServerSocket","net.sf.jftp.net.FtpURLConnection","net.sf.jftp.net.FtpURLStreamHandler","net.sf.jftp.net.JConnection","net.sf.jftp.net.SftpConnection","net.sf.jftp.net.SftpVerification","net.sf.jftp.net.SmbConnection","net.sf.jftp.net.Transfer","net.sf.jftp.util.LocalIO","net.sf.jftp.util.Log","net.sf.jftp.util.Log4JLogger","net.sf.jftp.util.Logger","net.sf.jftp.util.StringUtils","net.sf.jftp.util.SystemLogger"],"values":[[1.0,0.09392360205025539,0.1692951519844215,0.019055926722829363,0.00759605561390073,0.09498759448232386,0.0,0.4147199860057086,0.11908043449574916,0.1728248702078908,0.013129514996357089,0.21988670946688624,0.21819341048464236,0.018075470117988233,0.020831887902279658,0.055739657487549554,0.0023468248618287524,0.004451852176592818,0.003423024542751015,0.015144680829890421,0.04234947604247163,0.03711338425677749,0.08224862927044144,0.05857621710108266,0.007957301730172782,0.06437598871303186,0.05460921234553552,0.08048639339442071,0.0468584602212017,0.0630100370479973,0.05468913276171647,0.05126660728068602,0.11303087756859748,0.05025367257048338,0.04890312988970535,0.055295239732906586,0.05136208897970012,0.0402139909087869,0.0,0.07623832637886759,0.003955238841068098,0.041190076767545984,0.04617024966957158,0.009048114447474933,0.1451681783170733,0.021100682477073307,0.18946841790563154,9.234388904354763E-4,0.0013558879144828578,0.010068865482522536,0.008393293872284694,0.044167960076279225,3.5501980484000517E-4,0.004272331275485506,0.0037012217103899393,0.03891448885817794,0.030776699157946244,5.964260184852642E-4,0.057926753440485285,0.02920027501977491,0.024944904500705134,0.1614447943560992,0.06208855351705311,0.03808953444909724,0.27815934475235243,0.03337189923176719,0.1544282247347591,0.09146143786968923,0.0,0.0,0.025276755236944618,0.09198989216402986,0.012350698806680611,0.10321103744230724,0.007546147460944559,0.008740051641348114,0.016964122480876306,0.01744048126432569],[0.09392360205025539,1.0000000000000002,0.028911058032923154,0.09718328775806614,0.13960834603364394,0.006359931970677092,0.0,0.01952776666114793,0.023441028022328135,0.035321027693852,0.024824228472439355,0.003637080365738281,0.04245440283245922,0.11306313213722961,0.1333565634839255,0.15352532909301078,0.09261409153164345,0.20617086151869873,0.12319475017957768,0.10574633201817842,0.1083997267862372,0.1393890056366677,0.20814609449647978,0.2102704675365617,0.013705598734013924,0.2937293324250485,0.09014794274155778,0.027069913435584302,0.20008903182548526,0.14882316318126265,0.13581027486698227,0.18630644461445586,0.15301297721265605,0.21884550498058386,0.17633010687825335,0.06574297155447759,0.1243408374752506,0.1522014893004452,0.0,0.28872016382689325,0.17104949817894963,0.19080481355442042,0.016782589866571725,0.09541017839434908,0.14099315050961275,0.08154436745279232,0.123948720274276,0.022761031874345507,0.024144386648722288,0.09324363942821003,0.08480666692624797,0.1756522986677761,0.015099961812058303,0.05351424372161052,0.05318029110428528,0.12719700866324193,0.06431081994198751,0.08676192276246032,0.15843361903945333,0.24927069034801877,0.06874451938415758,0.24985769728244583,0.10203152483666428,0.040064159955802446,0.10166614290415776,0.15612462093132504,0.13794745515141457,0.11382571385098338,0.0,0.0,0.19497576768554803,0.17259160846629196,0.1167250886909309,0.17350701730815188,0.23337869668963057,0.3371236326298655,0.14192656648834837,0.39369537864589293],[0.1692951519844215,0.028911058032923154,1.0000000000000002,0.018650013285571653,0.01011056540029126,0.0,0.0,0.03190229643547797,0.0,0.013616556849690013,0.002719653486911276,0.0,9.99363988259235E-4,0.003555593127093549,0.012614149709229335,0.008023353119372176,0.007368584648684019,0.005616056392495852,0.004259457715825029,0.013631624286301184,0.008409940935208464,0.0075562688292035085,0.07934913025606476,0.008553279611308359,0.004313917024859414,0.01814733222692177,0.012702270494201789,0.08409788560235752,0.01661721704887237,0.009125148051089459,0.007060636740092926,0.02933016915125697,0.011961280024513368,0.012269328434320523,0.008243007336722572,0.014876975941559414,0.01374998544237888,0.009681936015006344,0.0,0.005510894553411845,0.004480525991575802,0.005519091383884295,8.462073993541857E-4,0.0020409400197002885,0.005820057979704652,0.03873449720616756,0.1054526508186326,0.0,0.004362851476698843,0.0048631302587878525,5.036276431282324E-4,0.004487269064195969,0.0011729377180490258,0.011389642015058944,0.010060728423649943,0.02470724758604368,0.01273001279208021,0.0038599733057175464,0.09743415252419821,0.03400916504122127,0.010372306782802125,0.10096697419708762,0.014419925164225323,0.005005741831147968,0.12418968639288071,0.008341015811686642,0.015918904893990993,0.06630395468972017,0.0,0.0,0.02635801639345595,0.015293714343811375,0.005762518480214742,0.01833435126518004,0.0031851404905676966,0.004145608044389731,0.011491866544301555,0.005980405175674573],[0.019055926722829363,0.09718328775806614,0.018650013285571653,1.0000000000000002,0.04737360846133623,0.0,0.0,0.0,0.0,4.956657420659258E-4,0.003594163346480241,0.0,0.04354653552385122,0.025671322841757497,0.05217504941879328,0.009088978703411618,0.014104717908646702,0.009595109504451438,0.016623877177361985,0.05832972906119324,0.05131304121294884,0.015186988847404296,0.06453875534715439,0.07487926775947007,0.036190329861035916,0.21312997425127453,0.15906333638028708,0.002057164805899312,0.09479905214766836,0.014799292459808216,0.008678047223711302,0.08288554942970776,0.022273472855577608,0.08779000062937609,0.013251847894125972,0.03786901948960323,0.02575525179736524,0.032746941833662245,0.0,0.10646733426677032,0.031709963350379844,0.05586455066655717,0.00110170596161926,0.0035428915554608286,0.048727368320307274,0.14541783865526792,0.0024510972924040647,0.0,0.00704897005563592,0.015661772340669577,0.03292029986813879,0.01772380903223199,0.0015270871863906146,0.012232444610443292,0.010572213408856161,0.14297914097658884,0.025418648619653553,0.013781826210606397,0.1851066547436173,0.1621070909054292,0.05366104135056867,0.18948828599032144,0.049616096862015076,0.0406066402723069,0.10501572008941087,0.21358099091382618,0.1475694643754349,0.2096062158976952,0.0,0.0,0.17935112306884662,0.1554683487883148,0.08284974444781885,0.08508801306538634,0.01433150472434124,0.006790629340536603,0.08717155398696301,0.03083129711263769],[0.00759605561390073,0.13960834603364394,0.01011056540029126,0.04737360846133623,1.0000000000000002,0.001870298641993599,0.007336522829771621,0.0071516205824797155,0.0025436757541275543,0.019006488948678218,0.014863351844690122,0.0011668094736389217,0.015120758252589057,0.035486961945953244,0.07041985081111159,0.015800063053100163,0.02642927877933275,0.03515789491103857,0.26253138461739894,0.2606769842376686,0.03666074585322106,0.03435937379410621,0.04248346855985051,0.11310428318685382,0.009002189504825557,0.11569390983654987,0.021711183695101742,0.010398357259298824,0.1380897513114437,0.022666531552958346,0.021899340795880882,0.13298310742814567,0.018968876785155842,0.14024133186838963,0.02766635726586275,0.025101533371756565,0.020031984829647503,0.05319433912025442,0.0,0.04983142670671552,0.11098971085638358,0.1536038567860644,0.0028539866064369746,0.0010954398256253542,0.023565884057983544,0.03679648340078284,0.02890119025568147,0.0020833689721697565,0.0034930339805022666,0.009968316302050802,0.2532895912004923,0.10615133481586489,0.001644057882532206,0.007208842539076953,0.010360590426720537,0.09487961170979443,0.03220608930703687,0.02446341188004793,0.055225636608456134,0.11984770359487906,0.04047010126412464,0.09753711086892529,0.06381507389910361,0.008337720804397868,0.034841831517037083,0.03564129620708264,0.018800458751519315,0.04002406140152355,0.0,0.0,0.07394360081125351,0.04854188136262843,0.03770143747457783,0.01302028661519603,0.016811009090048634,0.005349161821775195,0.1188167181276002,0.004608732809578661],[0.09498759448232386,0.006359931970677092,0.0,0.0,0.001870298641993599,1.0000000000000002,0.0,0.29047235666748566,0.3385176895157266,0.11637486973416498,0.0,0.1766254799551189,0.003529937551085284,0.008366303519613193,0.0,0.01646076789063363,0.07744181403668532,0.0,0.0,0.0,0.004210370552455798,0.0,0.014319702010621275,0.0064968122807948165,0.0,0.011171535559856,0.0,0.0,0.005880843917144184,0.01926346044681891,0.01460579292604113,0.00857680713539782,0.020172925001718155,0.005674452727796966,0.012139352274774709,0.01043863503339705,0.014444651415242734,0.008351113210673215,0.0,0.016650530068058736,0.0,0.006293020046105421,0.006032337670369455,0.0,0.024966040246675026,0.0,0.0,0.0,0.0,0.0,0.0,0.006365559136222023,0.0,0.0,0.0,0.11433555249815294,0.01727296028489683,0.08257375823782225,0.012665466104205842,0.0,0.0,0.006298264925493419,0.022592034095972085,0.04123777466461238,0.00594520245704897,0.0,0.0,0.0,0.0,0.0,5.214277120148711E-4,0.0,0.0,0.0,0.0,0.02980456707693779,0.0011670508335458836,0.0],[0.0,0.0,0.0,0.0,0.007336522829771621,0.0,1.0,0.0,0.0,0.3891971111740477,0.8923598842511457,0.0,0.017308377155500893,0.0,0.0,0.0,0.0,0.0,0.0,0.024461200659607808,0.0,0.0,0.0,0.0,0.0,0.0,0.0,0.0,0.0,0.0,0.0,0.0,0.0,0.0,0.0,0.0,0.0,0.0,0.0,0.0,0.0,0.0,0.0,0.0,0.0,0.0,0.0,0.0,0.0,0.0,0.0,0.0,0.0,0.0,0.0,0.0,0.0,0.0,0.0,0.0,0.0,0.033257908619394844,0.01751543865079929,0.0,0.0,0.0,0.0,0.0,0.0,0.0,0.0,0.0,0.0,0.0,0.0,0.0,0.0,0.0],[0.4147199860057086,0.01952776666114793,0.03190229643547797,0.0,0.0071516205824797155,0.29047235666748566,0.0,1.0,0.02388828692098125,0.36997110111212794,0.0,0.0,0.12170697912098366,0.013693417017499949,0.0015283949146882715,0.02302825566730672,0.0,0.001777639218575572,0.006965041902708185,2.8279856305147525E-4,0.006386787826607162,0.0030578583360033143,0.03178946113648681,0.015129214835355979,0.0,0.015028335883286784,0.01763859319536367,0.0045885213083782924,0.020725663447968484,0.026949161494295017,0.01932922789889218,0.016439975653719983,0.022662115745062408,0.01291174188725628,0.01992321192619395,0.018112299287571198,0.020207752641033215,0.01284037785094243,0.0,0.020694217982705307,0.002275803922808779,0.00831775571882797,0.006414888676742394,0.0,0.022831868685807492,0.0367135078008957,0.0,0.0,0.0,0.0,7.103837236229192E-4,0.005517068018489147,0.0,0.0035408321564328227,0.002863305155025645,0.07012576263418935,0.05303741112602874,0.0,0.05718382928563295,0.05434705875506411,0.0,0.034040936387052655,0.037913943558687,0.01656284564366132,0.013832500431346753,9.856010137635385E-4,0.008522586744656219,0.06883471650153845,0.0,0.0,0.04399732143226123,0.04058842453299612,0.0,0.05243659741675043,3.605811817305241E-4,0.0,0.012719885283947815,5.589706740065753E-4],[0.11908043449574916,0.023441028022328135,0.0,0.0,0.0025436757541275543,0.3385176895157266,0.0,0.02388828692098125,1.0,0.3718282297337833,0.0,0.24021722565308457,0.03570593465242932,0.016787807612403758,0.0,0.022387256899836547,0.10532374899794579,0.0,0.0,0.0,0.005726260635445139,0.0,0.019475327625711653,0.05584363239267138,0.0,0.015193704097271518,0.011736123762378656,0.0,0.010612263540496604,0.02619902307523362,0.01986442191722755,0.011664776880169656,0.027435928714575647,0.010239820788292709,0.01650997084574864,0.014196932107235858,0.019645263465845445,0.04105508588551951,0.0,0.022645340522916217,0.0,0.008558741450217984,0.008204203718221803,0.0,0.03395474381799679,0.0,0.0,0.0,0.0,0.0,0.0,0.008657397312235504,0.0,0.0,0.0,0.2429588435559802,0.07705413117267529,0.11230338409089387,0.002488911082520498,0.011513704207522882,0.06979993735781413,0.036800286064353475,0.030726007107114334,0.0,0.008085696585469041,0.0,0.41648100940791777,0.0,0.0,0.0,0.00812612433561946,0.21605468887106216,0.0,0.0,0.0,0.04053532036732486,0.0015872325640790236,0.0],[0.1728248702078908,0.035321027693852,0.013616556849690013,4.956657420659258E-4,0.019006488948678218,0.11637486973416498,0.3891971111740477,0.36997110111212794,0.3718282297337833,1.0,0.35220337029069954,0.065580570251319,0.14841352423327703,0.0134643577090954,0.011830229015337358,0.021787802456558755,0.0,0.006676197243733346,0.013401930327250695,0.030699912180226992,0.011532199953815445,0.00485471898793029,0.018925756552139954,0.0834735868687722,9.050295785560935E-4,0.04232369449984318,0.02909570820741567,0.002591963200053796,0.05621362592991387,0.022776914258513012,0.018837208600918868,0.024331215273981906,0.01824157875376696,0.055300128040614044,0.027113974395195323,0.027310576083055843,0.01984411211294311,0.01823788154788502,0.0,0.01849045589700364,0.011233370439970792,0.011998268464102091,0.003049938500312593,0.0,0.013461636310183269,0.04693126143256008,0.005075585908957947,2.0606830378025503E-4,0.0,5.648111421542777E-4,8.962654722043402E-4,0.011769799921324868,0.0,0.00366566250257722,0.002964249610406955,0.06898515579119728,0.16881774677077324,0.0,0.04478707854949065,0.07673075383655827,0.019144947788052608,0.10297422426730299,0.02245769846778058,0.01804749424448255,0.024212980004188644,0.004108949265497091,0.38656422709259824,0.04050364496334974,0.0,0.0,0.0772407305165248,0.31126570878108145,0.033517314044941786,0.02039003626487008,3.9433530863008145E-4,0.0,0.040141541881969285,6.112961086643633E-4],[0.013129514996357089,0.024824228472439355,0.002719653486911276,0.003594163346480241,0.014863351844690122,0.0,0.8923598842511457,0.0,0.0,0.35220337029069954,1.0,0.009461466428568576,0.02251826950062371,0.00543696409832982,0.017689942515404407,0.012858363344835769,0.06237130903965663,0.010145639748412552,0.0025337546922473654,0.028698462308898633,0.010698988103510575,0.017719693108470606,0.005054028359773335,0.06486302185547303,0.010003852708442507,0.02685485473702547,0.008539401177131303,0.003104511931310976,0.01020356439161787,0.009278749241716752,0.015682200208103396,0.01843429951961116,0.008433035202102673,0.01409017291158643,0.016940795118105593,0.020487808849006427,0.01479107850743109,0.012755592084818352,0.0,0.01507919616977527,0.006444613791700142,0.011336547303078372,9.254542871753106E-4,0.005346654324303598,0.008289839116939745,0.0018073514722411477,2.45623395391513E-4,0.0,0.0027859433508868356,0.004517076465792904,0.0012931756276833486,0.009261952124775989,0.001282782732207317,0.003938989816609681,0.002921041103284473,0.008658881432661374,0.006660023446227808,0.0017867117980067222,0.027707746606678338,0.017595262635937595,0.02035767944222605,0.04394862087676309,0.028109839517965456,0.014069710935411844,0.014265995912256102,0.01639346478739517,0.016111843411707037,0.008434979616229039,0.0,0.0,0.013208010358527027,0.01607532930433892,0.002142453047219221,0.02645459798826585,0.023376706550700465,0.035038620074890725,0.0026609853674767004,0.04205739336890363],[0.21988670946688624,0.003637080365738281,0.0,0.0,0.0011668094736389217,0.1766254799551189,0.0,0.0,0.24021722565308457,0.065580570251319,0.009461466428568576,1.0,0.20061467723254162,0.0014234793583087794,0.02102547563695166,0.0,0.060864255832004006,0.0,0.0,0.0023342033817818288,0.0026266929451073005,0.0,0.0,0.017692900422543845,0.0069311169860986335,0.015332908399849765,0.11575215870276047,0.0,0.02171253973613573,0.0,0.006074672487614244,0.005350749658107878,0.0804290058649644,0.028498622387774765,0.005048859014660288,0.0,0.0,0.005209947647346782,0.0,0.009522006881374393,0.0,0.02078058890932706,0.0,0.0,0.07328175806180887,0.0,0.0,0.0,0.0,0.004325573654254492,0.0,0.001588493845514148,0.0,0.0,0.0,0.11309564904810758,0.0035919849457373494,0.06489763196941734,0.003995909301343808,0.0045738140979309505,0.01836805847275935,0.011409102135399094,0.06781724494483755,0.013035200704341362,0.05414591262765243,0.016270190305084156,0.017586237520368336,0.0,0.0,0.0,0.002946385492701946,0.004261479209790973,0.0,0.0,0.0,0.02342446155346428,0.0,0.0],[0.21819341048464236,0.04245440283245922,9.99363988259235E-4,0.04354653552385122,0.015120758252589057,0.003529937551085284,0.017308377155500893,0.12170697912098366,0.03570593465242932,0.14841352423327703,0.02251826950062371,0.20061467723254162,1.0,0.04769139389276699,0.019634441622117364,0.0521040779764299,0.030662013544573194,0.015683178081857256,0.04212809739876314,0.02092911273621051,0.031084541657456333,0.031152958252693153,0.038122574422068255,0.09360841074068338,0.005115255524370657,0.060858859855651544,0.04367089986789549,0.0018443169428205592,0.1170124960868624,0.05725125642609516,0.049927324114840424,0.05670130610678188,0.2505433767953177,0.12642246892843925,0.05903279376628477,0.05132513142352711,0.05641973360448033,0.04609295650074295,0.0,0.048975324157232596,0.018307991400753218,0.08542708097526044,0.001085095122214457,0.0,0.194360649493058,0.029969605570240667,0.001805771989044327,0.00208073033426923,5.423914249053838E-4,0.001406624004662105,0.0235757631777815,0.011193807893449497,0.0,0.021269903339202346,0.017030844501612626,0.13200905920498487,0.07164289291580925,0.0029599026237274906,0.021399118208423086,0.08970939710334375,0.14414117541524335,0.10366318069895519,0.1698929033677187,0.029975433312187518,0.35751323734879387,0.0496054791322159,0.056059759074491455,0.003339414237331204,0.0,0.0,0.07851607703586605,0.0635029223408486,0.07536278092627588,0.020916689044811806,0.008497380793857074,0.012921057413899486,0.04039164869580367,0.021967870500328755],[0.018075470117988233,0.11306313213722961,0.003555593127093549,0.025671322841757497,0.035486961945953244,0.008366303519613193,0.0,0.013693417017499949,0.016787807612403758,0.0134643577090954,0.00543696409832982,0.0014234793583087794,0.04769139389276699,1.0,0.04169893160418691,0.12643001045068492,0.05135147907251935,0.013605511812259974,0.017576637915682237,0.04599237840955273,0.09073142656803414,0.06208627906425735,0.09968662135351393,0.17671324415376863,0.0059505240732153535,0.1723977865772671,0.06446972486533359,0.010385497282808671,0.08154500059372659,0.11094598601148445,0.09326381664284318,0.08579543377604615,0.07411175338427069,0.11436602964892291,0.07487543036751387,0.08126917296155974,0.07863341119945882,0.14958667004823648,0.0,0.15883371200262406,0.08311881725893808,0.18424455287369507,0.021530051187809582,0.004618595627372946,0.0688216291343045,0.01924407479319849,0.0014805281011261904,0.018906449633574515,0.003962913229095736,0.017479815105766825,0.05289492273168925,0.02441178524708163,0.0021675330746849233,0.012718881787338985,0.019949320523365614,0.07873729430257383,0.049609987081318,0.09516391936933503,0.0882658382054735,0.05442076539691935,0.06259792691340632,0.06651132238092895,0.035062217725127146,0.03401469457388468,0.030135481899293628,0.05968916844229403,0.03162082814125979,0.024998882789652826,0.0,0.0,0.09990779564908248,0.08948138854931408,0.00991372303933493,0.009857577186342847,0.008009843034629852,0.00924060882241569,0.015507414800480474,0.007919848916588026],[0.020831887902279658,0.1333565634839255,0.012614149709229335,0.05217504941879328,0.07041985081111159,0.0,0.0,0.0015283949146882715,0.0,0.011830229015337358,0.017689942515404407,0.02102547563695166,0.019634441622117364,0.04169893160418691,1.0000000000000002,0.03503152889694463,0.21375302876806332,0.03471245298932786,0.07141830195635336,0.1301281487927544,0.131363583905492,0.32913320420230613,0.02382717858894491,0.19612110750748477,0.01627034375032361,0.2018318153216502,0.02714792295958982,0.007342261173087849,0.3149850047187333,0.01780766570534585,0.2429447834490706,0.3885603449158234,0.07372234824733938,0.32805456785325326,0.27260212936276246,0.24399330788066412,0.13706419674075707,0.2779607410447883,0.0,0.12052593675981885,0.01163712749797352,0.046614691766818046,0.0,0.00657980698239287,0.19366672429625514,0.17237404052892205,6.469364783029993E-4,0.0,7.532340274783695E-4,0.007674141358627874,3.496352091898278E-4,0.004804782379156424,0.0,0.0020331727895343053,0.0014092556790887324,0.2656365929120802,0.08196972529508692,0.1041607909423133,0.20404145634695414,0.4287671318861282,0.0736382990515066,0.26726669398724034,0.0652647010113011,0.025203335175200254,0.06773754171142454,0.0615274604954975,0.0400756290773896,0.0634828178577647,0.0,0.0,0.3310396784075581,0.21276104376301172,0.3250997797342767,0.0014339555365297974,0.0014256874091226825,0.0021019097748351417,0.07000790417681552,0.0012864066804269473],[0.055739657487549554,0.15352532909301078,0.008023353119372176,0.009088978703411618,0.015800063053100163,0.01646076789063363,0.0,0.02302825566730672,0.022387256899836547,0.021787802456558755,0.012858363344835769,0.0,0.0521040779764299,0.12643001045068492,0.03503152889694463,1.0,0.1879166060046718,0.1986169254559332,0.03732768313502028,0.04230750179429836,0.2622126195421089,0.20108918655078095,0.2864681441500079,0.17979523335535644,0.0016173300631307746,0.41891964986773894,0.11577675720159153,0.08621656404900642,0.2124175359174109,0.7824258461358513,0.7381600900387214,0.3463780892165444,0.5948636499961903,0.2541661350351812,0.5061360327726403,0.23883718606203685,0.6460701836235321,0.28419349994277526,0.0,0.4390462338413617,0.15155774487739526,0.15599187010591056,0.08296250891617386,0.05507629372475027,0.13228545758484558,0.04199420028392825,0.01462558863374949,6.83755747232033E-4,0.1472563118963342,0.04182406512261129,0.010175068600648601,0.06609725083834424,0.03133352313823542,0.395578413073114,0.46762807567821635,0.11487455768007458,0.09022511918232672,0.30594798694754344,0.08429908369389512,0.06697718778904727,0.07339709460139486,0.06974837156139588,0.05310193559224003,0.013604068655223778,0.029741265284502685,0.048962920147599814,0.037772300344318804,0.03601605566081624,0.0,0.0,0.044214212342395184,0.14487723196616173,0.0034324339797759612,0.008018283662873183,0.0018328236600883903,8.555119373409903E-4,0.003365180459390883,0.00221014983681806],[0.0023468248618287524,0.09261409153164345,0.007368584648684019,0.014104717908646702,0.02642927877933275,0.07744181403668532,0.0,0.0,0.10532374899794579,0.0,0.06237130903965663,0.060864255832004006,0.030662013544573194,0.05135147907251935,0.21375302876806332,0.1879166060046718,1.0,0.02338127867267354,0.09502797272901105,0.04357425699065089,0.2721967533197524,0.765391798826444,0.024131003034905403,0.19745119617324997,0.012275317888522376,0.12038865983032944,0.06418710675861904,0.0,0.23245572720259125,0.04468191280925781,0.21323839891302518,0.1567947960116451,0.0486477555184127,0.26767744967515755,0.10707919218509268,0.10721295050455933,0.1277727511222955,0.07613073260302665,0.0,0.09986539378463585,0.015112882249776282,0.07162815990769257,0.01815330442194123,0.0,0.05758340213863537,0.06630989817078682,0.005368238763236769,0.0,0.016449629918894256,0.01937335774484694,0.0010800932526958198,0.013822927315575365,0.00467265748909883,0.02261841238526309,0.021968671614819777,0.2828672388064641,0.09508021867245359,0.39818881057877736,0.10970878307428895,0.13985378753067287,0.12129395139628017,0.1379266129602654,0.045323781498388595,6.412756362461343E-4,0.04207537412836443,0.07286151882053972,0.025070208362415077,0.03379240458898591,0.0,0.0,0.0947910302598341,0.1999979141974392,0.07522240100070382,0.006350198025474685,0.003155113911680866,0.01676372521519289,0.008031659070516011,0.003973968122294011],[0.004451852176592818,0.20617086151869873,0.005616056392495852,0.009595109504451438,0.03515789491103857,0.0,0.0,0.001777639218575572,0.0,0.006676197243733346,0.010145639748412552,0.0,0.015683178081857256,0.013605511812259974,0.03471245298932786,0.1986169254559332,0.02338127867267354,1.0,0.09384454359871919,0.03970826439532907,0.031846090299108926,0.05400108527225163,0.08177603371565934,0.05570450559270761,0.0014420927249464545,0.1430729847169595,0.040388164544672485,0.0572193385731652,0.09106021768173621,0.2052179431786464,0.20015522843002198,0.16103797835486888,0.1768411341340787,0.1040104193300847,0.10568155040525867,0.0588128742881063,0.1747069568534266,0.08720139754573951,0.0,0.10504441660294046,0.4657318527707401,0.14313911062950266,0.013540205940002393,0.08735394842859118,0.011287289579856101,0.002944480982425412,0.6366531706296426,0.20051923930672005,0.054087195037634234,0.046404487053774056,0.005317800185555441,0.6265446720936578,0.023700489624996806,0.23617958785910304,0.2529366404260033,0.030502159573998412,0.03928685213579337,5.763793374569166E-4,0.02697308034026034,0.02874533776178751,0.005787728620837871,0.03855610806101744,0.03777620525845545,5.923738614624378E-4,0.015378617805630974,7.928409395701404E-4,0.009287050578445668,0.011765987311155295,0.0,0.0,0.02314859916143119,0.008143195297187256,0.030360874201941234,0.04535729814809655,0.042624350332827625,0.06400503174642247,0.0017097982881592302,0.07787760891434754],[0.003423024542751015,0.12319475017957768,0.004259457715825029,0.016623877177361985,0.26253138461739894,0.0,0.0,0.006965041902708185,0.0,0.013401930327250695,0.0025337546922473654,0.0,0.04212809739876314,0.017576637915682237,0.07141830195635336,0.03732768313502028,0.09502797272901105,0.09384454359871919,1.0000000000000002,0.2352676056120436,0.07045873294306061,0.13547921113371625,0.015636067846487054,0.17761126155987028,0.002749664086922605,0.11350190309168189,0.10470345549972562,0.014094266662121366,0.2880342271276484,0.04086977044760283,0.05071546352389628,0.0846422547599701,0.040328559740310445,0.3053155972426939,0.02469022956780883,0.021006307295133943,0.03744884370391301,0.16945012852792304,0.0,0.055868600042017894,0.104361200758595,0.08781181261419455,0.003660924179137706,0.05301117974072194,0.01015666507911593,0.06802666648977615,0.08642219962989246,0.1898350064814773,0.043940343633716766,0.06493011196642365,0.1929077117072402,0.13183000041493056,0.02340730923614907,0.06738411291050023,0.09151945749723069,0.06645371974536626,0.03398133473425795,0.0032166177909881766,0.0260919740918815,0.07805321085975508,0.05995393157656533,0.0792237960430978,0.020254012761570527,0.01157159926020846,0.04675731320276148,0.022613538993098842,0.0077801235499824276,0.04332290999670782,0.0,0.0,0.07009103374540405,0.038172545109330255,0.07087739994519271,0.0017988423935683077,7.70578472112412E-4,0.0014544776627019853,0.037724471107407426,9.891228370095095E-4],[0.015144680829890421,0.10574633201817842,0.013631624286301184,0.05832972906119324,0.2606769842376686,0.0,0.024461200659607808,2.8279856305147525E-4,0.0,0.030699912180226992,0.028698462308898633,0.0023342033817818288,0.02092911273621051,0.04599237840955273,0.1301281487927544,0.04230750179429836,0.04357425699065089,0.03970826439532907,0.2352676056120436,1.0000000000000002,0.11653838590251846,0.0829063070967332,0.0347957887479159,0.2344421518307694,0.010188018267171058,0.12403315982017732,0.05573795303780105,0.018994120933732348,0.2734342639736849,0.06171326805047486,0.06582687946848696,0.18676652506987837,0.08343745653213629,0.28864841531133906,0.07719626062936824,0.08464418311138942,0.056916401019024856,0.095290714679891,0.0,0.04168465940504831,0.13425870420710756,0.1949808956415129,0.008440930366483893,0.010956152583325126,0.021519204933062197,0.13908182586818313,0.012741584852936479,8.812627594112636E-4,0.011095918893595505,0.03660192326799108,0.3231857314108591,0.15474249244448404,0.006445339183913061,0.04757861208678709,0.04223687948186372,0.15486113549889016,0.08524322355193457,0.053676600868178215,0.10399740678671685,0.18878398257638773,0.09682468894086088,0.18319014788260232,0.15047194827449234,0.012866696231182103,0.060655384110708706,0.042008761310434295,0.027569962567780177,0.05229308587793059,0.0,0.0,0.14650083383258813,0.10747276191088447,0.10264438047348694,0.007981353141017201,0.0048448152890862295,0.005462302627171314,0.17327848860922998,0.0038760940119189086],[0.04234947604247163,0.1083997267862372,0.008409940935208464,0.05131304121294884,0.03666074585322106,0.004210370552455798,0.0,0.006386787826607162,0.005726260635445139,0.011532199953815445,0.010698988103510575,0.0026266929451073005,0.031084541657456333,0.09073142656803414,0.131363583905492,0.2622126195421089,0.2721967533197524,0.031846090299108926,0.07045873294306061,0.11653838590251846,1.0,0.29419609610856706,0.040297853462559895,0.17745885713582402,0.010223585067910122,0.14621673650754435,0.05670473203783955,0.03875548316415059,0.26506565505212937,0.07231328535719302,0.13514150367402838,0.1630332593786681,0.062203698490757096,0.3098322340532305,0.07673805324960242,0.0907918771027495,0.06927475052151744,0.09876854025155882,0.0,0.15411902933850294,0.016709105461323592,0.09692627929105013,0.033294861121233206,0.02522459260240752,0.10997573784758571,0.07031841665598615,0.017470147027047984,8.744625652769821E-4,0.0035355473516779177,0.014995535284867061,0.0015986940705693242,0.04197607867981574,0.0012498476398916966,0.007432456181291346,0.005496779713569991,0.3045466304736791,0.13577358677335474,0.4296815599060311,0.1700745565741749,0.22199225647989937,0.1469883261025928,0.20380625019129794,0.06400600168290173,0.016533537996688916,0.04819220907604274,0.06616177883037327,0.048283274929151396,0.07873441249868675,0.0,0.0,0.2093968217320196,0.19095323542043355,0.08698243884021635,0.009508143298388888,0.007119004996665358,0.00459531828257052,0.06110934458243575,0.008119733134722567],[0.03711338425677749,0.1393890056366677,0.0075562688292035085,0.015186988847404296,0.03435937379410621,0.0,0.0,0.0030578583360033143,0.0,0.00485471898793029,0.017719693108470606,0.0,0.031152958252693153,0.06208627906425735,0.32913320420230613,0.20108918655078095,0.765391798826444,0.05400108527225163,0.13547921113371625,0.0829063070967332,0.29419609610856706,1.0000000000000002,0.03955562628486846,0.28054872816165866,0.012546665446757763,0.15391838514638276,0.06123194660796739,0.1333230503843019,0.38341585139950773,0.06758253554396441,0.33796460020305097,0.27654011682153495,0.060798931340148375,0.4388824594904697,0.16894336331865745,0.16691232216981272,0.24428058440582298,0.23438531991859457,0.0,0.14148248311537465,0.019775715094452074,0.08307214176869863,0.03181141137786529,0.0813279236907469,0.06200457891894736,0.15010710682471268,0.01022423600570839,0.0025752857025907964,0.030753424118077605,0.022970586846992914,0.0061642809675087305,0.03371380236418067,0.05551062081726183,0.029978720335837462,0.025546744917890413,0.31386790597277536,0.07334417561058613,0.32577561930063204,0.16133513149169665,0.265363428720536,0.09879584033643352,0.25100744434650585,0.06329686299940747,0.00528721762966283,0.05323543738878757,0.08012570360510751,0.030377088982727216,0.027290608146218417,0.0,0.0,0.17134846445190774,0.313893786912777,0.16846176340077273,0.022482351833820156,0.020325894543414613,0.03164708975019487,0.02046484260296472,0.03492165802334899],[0.08224862927044144,0.20814609449647978,0.07934913025606476,0.06453875534715439,0.04248346855985051,0.014319702010621275,0.0,0.03178946113648681,0.019475327625711653,0.018925756552139954,0.005054028359773335,0.0,0.038122574422068255,0.09968662135351393,0.02382717858894491,0.2864681441500079,0.024131003034905403,0.08177603371565934,0.015636067846487054,0.0347957887479159,0.040297853462559895,0.03955562628486846,1.0,0.15607519853786445,0.0016883551030309521,0.2856303991510074,0.14996507133738474,0.1448187605612127,0.10668790245463235,0.31538011160320767,0.24326842015310848,0.19933739539046513,0.27675615106671814,0.11493708274662398,0.2409280629458338,0.17278491848740518,0.2539564180215002,0.1813858897745479,0.0,0.40108458467234903,0.05025926923354524,0.19339691074136395,0.30642754156444746,0.028747484414805468,0.08260274715824632,0.09072841068702245,0.037083513575673216,0.0020249668276176107,0.06194832472429547,0.26745803585434974,0.006412218130037724,0.046055118703604146,0.3077491623486039,0.09755893009770739,0.10262417722786632,0.07046262364285316,0.02956125926300938,0.01620436395106204,0.12261038128683872,0.10505114012884877,0.01669807273584709,0.10730167726606683,0.10069147090743959,0.022999764252163737,0.08432781482258245,0.11317456660851752,0.07539457470199704,0.09434400120738225,0.0,0.0,0.06354739491750369,0.06043379285726191,0.005637938336730966,0.01781417701937367,0.032195077934888815,0.037794990489975804,0.02503773764143274,0.02556203187188952],[0.05857621710108266,0.2102704675365617,0.008553279611308359,0.07487926775947007,0.11310428318685382,0.0064968122807948165,0.0,0.015129214835355979,0.05584363239267138,0.0834735868687722,0.06486302185547303,0.017692900422543845,0.09360841074068338,0.17671324415376863,0.19612110750748477,0.17979523335535644,0.19745119617324997,0.05570450559270761,0.17761126155987028,0.2344421518307694,0.17745885713582402,0.28054872816165866,0.15607519853786445,1.0000000000000002,0.007902700450853515,0.20671634762356103,0.10020228891354646,0.02094914220572133,0.348366972516652,0.13224766687151943,0.191070830005296,0.22630732222064473,0.20821521200363186,0.4206847422154573,0.2749427685526477,0.18770084640952395,0.1330584887366445,0.22777362781896002,0.0,0.1441144186766467,0.07659277561369494,0.15751429514929396,0.015107237264368694,0.13146501570359845,0.12452104329453839,0.09957229026187041,0.01257601085062415,0.00838693361478934,0.05858891819495177,0.020479380693577413,0.08979873906583104,0.12626569646567987,0.008768522224079275,0.07258156521700906,0.08033290940625284,0.2521232050529104,0.3066336050912142,0.23031500927102982,0.2879433183352861,0.29212269925055306,0.2158983163471448,0.40008817879210956,0.1903674119945533,0.03814182149807213,0.15162710109426422,0.14889117194882556,0.10510695091436281,0.13261064404645237,0.0,0.0,0.2534708173025585,0.3822368285490875,0.15085443322054706,0.042029652498997,0.023776049894849854,0.031840878099107864,0.13856699904197062,0.04542187855409798],[0.007957301730172782,0.013705598734013924,0.004313917024859414,0.036190329861035916,0.009002189504825557,0.0,0.0,0.0,0.0,9.050295785560935E-4,0.010003852708442507,0.0069311169860986335,0.005115255524370657,0.0059505240732153535,0.01627034375032361,0.0016173300631307746,0.012275317888522376,0.0014420927249464545,0.002749664086922605,0.010188018267171058,0.010223585067910122,0.012546665446757763,0.0016883551030309521,0.007902700450853515,1.0,0.0740203810283564,0.12988160873690646,0.0,0.0133718114544238,0.0,0.006422908042525151,0.011977753481376677,0.003444497735141599,0.015008640192037048,0.00772375963055162,0.0061538021930505685,0.007096196587058504,0.0030470307880885806,0.0,0.0546192328567566,0.01922797451898602,0.030951317068702928,0.0,0.0,0.0060728265696693646,0.004132467445537896,0.0,0.0,0.003724591005112995,0.0025298058623238555,0.0017288758974137414,0.00318060972682698,0.0,0.07986502482510043,0.006968486333271805,0.038059039134187546,0.005495029319871583,0.007853270052336535,0.01977605095041466,0.013769885090893037,0.11461481485819056,0.04127212580700471,0.026828408313261054,0.00865009185622986,0.0075398188501861,0.09922965688811293,0.01305498568971898,0.023333697619670968,0.0,0.0,0.014889789117293434,0.021534115158560876,0.009416886580720141,0.007090622168213497,0.0050503050379077236,0.010393521741335385,0.011696031066355491,0.006361022704823392],[0.06437598871303186,0.2937293324250485,0.01814733222692177,0.21312997425127453,0.11569390983654987,0.011171535559856,0.0,0.015028335883286784,0.015193704097271518,0.04232369449984318,0.02685485473702547,0.015332908399849765,0.060858859855651544,0.1723977865772671,0.2018318153216502,0.41891964986773894,0.12038865983032944,0.1430729847169595,0.11350190309168189,0.12403315982017732,0.14621673650754435,0.15391838514638276,0.2856303991510074,0.20671634762356103,0.0740203810283564,1.0000000000000002,0.2609307471265736,0.04475273282407651,0.28138660360104006,0.40653459445331763,0.39173454034506777,0.2886729107725523,0.39129991976741196,0.30223081300515925,0.28034252456500575,0.13870525022861893,0.35824612407967804,0.2638686643356106,0.0,0.5895598466164442,0.120792985826245,0.18538819811397372,0.08433772135893947,0.043425658422281764,0.09471253742573245,0.05512868489789933,0.017004685312455838,0.012719069372806783,0.07409092808707157,0.1556373426005872,0.021583135125706962,0.06928051924077874,0.07015611360441612,0.230243926160287,0.26415692745958247,0.20995371996800313,0.12384055460219238,0.13294261926788487,0.1696668157245141,0.19719087028487484,0.19667005302250284,0.22980954102080628,0.09210634136614908,0.07898209782245458,0.10768992106244393,0.2269502547108711,0.07526877137992029,0.13395309999773214,0.0,0.0,0.1629507215372053,0.22534854278115776,0.14825858320638777,0.019611024289866105,0.007646564694101807,0.004831469240943727,0.05712802376847291,0.010836191072123667],[0.05460921234553552,0.09014794274155778,0.012702270494201789,0.15906333638028708,0.021711183695101742,0.0,0.0,0.01763859319536367,0.011736123762378656,0.02909570820741567,0.008539401177131303,0.11575215870276047,0.04367089986789549,0.06446972486533359,0.02714792295958982,0.11577675720159153,0.06418710675861904,0.040388164544672485,0.10470345549972562,0.05573795303780105,0.05670473203783955,0.06123194660796739,0.14996507133738474,0.10020228891354646,0.12988160873690646,0.2609307471265736,1.0000000000000002,0.05481364893158108,0.21403153447915577,0.12878787988128795,0.10392588778332872,0.09106865805296202,0.10219945684961054,0.19678098719468212,0.14446763027679327,0.12428607099067256,0.10449912049939171,0.0712438934518437,0.0,0.22403333259481115,0.09441986917038053,0.15818033805198078,0.018657903611481483,0.023561387876935305,0.055381660932451456,0.03011049979466246,0.006390436852485906,9.170652455748652E-5,0.06216171221510531,0.02587102947299467,0.0026593412576279424,0.02974196250497539,0.01658586062601689,0.09976037981834042,0.08552803330102626,0.053309232926579624,0.022235017321448815,0.015445800059117838,0.06896714574106377,0.04848693385055077,0.09813549440334161,0.0799021518763867,0.030962071034153153,0.011319090708812728,0.03234224343097712,0.17322062897240462,0.028010490459692478,0.09200932627081994,0.0,0.0,0.05631153770350174,0.10901253479881212,0.03439241302716866,0.00455401628748669,0.027096565335126072,0.03149095603654785,0.02498686555263353,0.01705788911889767],[0.08048639339442071,0.027069913435584302,0.08409788560235752,0.002057164805899312,0.010398357259298824,0.0,0.0,0.0045885213083782924,0.0,0.002591963200053796,0.003104511931310976,0.0,0.0018443169428205592,0.010385497282808671,0.007342261173087849,0.08621656404900642,0.0,0.0572193385731652,0.01409426666212136