{"classNames":["junit.extensions.ActiveTestSuite","junit.extensions.RepeatedTest","junit.extensions.TestDecorator","junit.extensions.TestSetup","junit.framework.Assert","junit.framework.AssertionFailedError","junit.framework.ComparisonCompactor","junit.framework.ComparisonFailure","junit.framework.JUnit4TestAdapter","junit.framework.JUnit4TestAdapterCache","junit.framework.JUnit4TestCaseFacade","junit.framework.Protectable","junit.framework.Test","junit.framework.TestCase","junit.framework.TestFailure","junit.framework.TestListener","junit.framework.TestResult","junit.framework.TestSuite","junit.runner.BaseTestRunner","junit.runner.TestRunListener","junit.runner.Version","junit.textui.ResultPrinter","junit.textui.TestRunner","org.junit.After","org.junit.AfterClass","org.junit.Assert","org.junit.Assume","org.junit.Before","org.junit.BeforeClass","org.junit.ComparisonFailure","org.junit.Ignore","org.junit.Test","org.junit.experimental.results.FailureList","org.junit.experimental.results.PrintableResult","org.junit.experimental.results.ResultMatchers","org.junit.experimental.runners.Enclosed","org.junit.experimental.theories.DataPoint","org.junit.experimental.theories.DataPoints","org.junit.experimental.theories.ParameterSignature","org.junit.experimental.theories.ParameterSupplier","org.junit.experimental.theories.ParametersSuppliedBy","org.junit.experimental.theories.PotentialAssignment","org.junit.experimental.theories.Theories","org.junit.experimental.theories.Theory","org.junit.experimental.theories.internal.AllMembersSupplier","org.junit.experimental.theories.internal.Assignments","org.junit.experimental.theories.internal.ParameterizedAssertionError","org.junit.experimental.theories.suppliers.TestedOn","org.junit.experimental.theories.suppliers.TestedOnSupplier","org.junit.internal.ArrayComparisonFailure","org.junit.internal.AssumptionViolatedException","org.junit.internal.JUnitSystem","org.junit.internal.RealSystem","org.junit.internal.TextListener","org.junit.internal.builders.AllDefaultPossibilitiesBuilder","org.junit.internal.builders.AnnotatedBuilder","org.junit.internal.builders.IgnoredBuilder","org.junit.internal.builders.IgnoredClassRunner","org.junit.internal.builders.JUnit3Builder","org.junit.internal.builders.JUnit4Builder","org.junit.internal.builders.NullBuilder","org.junit.internal.builders.SuiteMethodBuilder","org.junit.internal.matchers.CombinableMatcher","org.junit.internal.matchers.Each","org.junit.internal.matchers.IsCollectionContaining","org.junit.internal.matchers.StringContains","org.junit.internal.matchers.SubstringMatcher","org.junit.internal.matchers.TypeSafeMatcher","org.junit.internal.requests.ClassRequest","org.junit.internal.requests.FilterRequest","org.junit.internal.requests.SortingRequest","org.junit.internal.runners.ClassRoadie","org.junit.internal.runners.ErrorReportingRunner","org.junit.internal.runners.FailedBefore","org.junit.internal.runners.InitializationError","org.junit.internal.runners.JUnit38ClassRunner","org.junit.internal.runners.JUnit4ClassRunner","org.junit.internal.runners.MethodRoadie","org.junit.internal.runners.MethodValidator","org.junit.internal.runners.SuiteMethod","org.junit.internal.runners.TestClass","org.junit.internal.runners.TestMethod","org.junit.internal.runners.model.EachTestNotifier","org.junit.internal.runners.model.MultipleFailureException","org.junit.internal.runners.model.ReflectiveCallable","org.junit.internal.runners.statements.ExpectException","org.junit.internal.runners.statements.Fail","org.junit.internal.runners.statements.FailOnTimeout","org.junit.internal.runners.statements.InvokeMethod","org.junit.internal.runners.statements.RunAfters","org.junit.internal.runners.statements.RunBefores","org.junit.matchers.JUnitMatchers","org.junit.runner.Describable","org.junit.runner.Description","org.junit.runner.JUnitCore","org.junit.runner.Request","org.junit.runner.Result","org.junit.runner.RunWith","org.junit.runner.Runner","org.junit.runner.manipulation.Filter","org.junit.runner.manipulation.Filterable","org.junit.runner.manipulation.NoTestsRemainException","org.junit.runner.manipulation.Sortable","org.junit.runner.manipulation.Sorter","org.junit.runner.notification.Failure","org.junit.runner.notification.RunListener","org.junit.runner.notification.RunNotifier","org.junit.runner.notification.StoppedByUserException","org.junit.runners.AllTests","org.junit.runners.BlockJUnit4ClassRunner","org.junit.runners.JUnit4","org.junit.runners.Parameterized","org.junit.runners.ParentRunner","org.junit.runners.Suite","org.junit.runners.model.FrameworkMethod","org.junit.runners.model.InitializationError","org.junit.runners.model.RunnerBuilder","org.junit.runners.model.Statement","org.junit.runners.model.TestClass"],"values":[[1.0,0.0,0.08064516129032258,0.09574468085106383,0.0,0.17105263157894737,0.0,0.0,0.04838709677419355,0.0,0.0,0.0,0.0,0.053475935828877004,0.0,0.0,0.07692307692307693,0.03816793893129771,0.01642935377875137,0.0,0.0,0.0,0.027573529411764705,0.0,0.0,0.0,0.0,0.0,0.0,0.0,0.0,0.0,0.05291005291005291,0.0,0.0,0.0,0.0,0.0,0.0,0.0,0.0,0.0,0.11041666666666666,0.0,0.0,0.0,0.03875968992248062,0.0,0.0,0.0,0.0,0.0,0.06622516556291391,0.0,0.0,0.0,0.0,0.0,0.0,0.0,0.0,0.0,0.043668122270742356,0.0,0.029154518950437316,0.1452513966480447,0.057803468208092484,0.0,0.0,0.0,0.0,0.09771986970684039,0.0,0.0,0.0,0.0,0.031578947368421054,0.08849557522123894,0.037037037037037035,0.0,0.0,0.03773584905660377,0.09302325581395349,0.0,0.0,0.0,0.0,0.05474452554744526,0.06289308176100629,0.14644351464435146,0.0,0.0,0.0,0.024096385542168676,0.06157635467980296,0.0,0.03558718861209965,0.0,0.0,0.0,0.0,0.0,0.0,0.0,0.0,0.0,0.1870748299319728,0.0,0.11842105263157894,0.08079268292682927,0.11842105263157894,0.0,0.057755775577557754,0.030303030303030304,0.0,0.0,0.049342105263157895,0.0,0.0],[0.0,1.0,0.0,0.0,0.0,0.0,0.0,0.0,0.0,0.0,0.0,0.0,0.0,0.0,0.0,0.0,0.0,0.0,0.0,0.0,0.0,0.0,0.0,0.0,0.0,0.0,0.0,0.0,0.0,0.0,0.0,0.0,0.0,0.0,0.0,0.0,0.0,0.0,0.0,0.0,0.0,0.0,0.0,0.0,0.0,0.0,0.0,0.0,0.0,0.0,0.0,0.0,0.0,0.0,0.0,0.0,0.0,0.0,0.0,0.0,0.0,0.0,0.0,0.0,0.0,0.0,0.0,0.0,0.0,0.0,0.0,0.0,0.0,0.0,0.0,0.0,0.0,0.0,0.0,0.0,0.0,0.0,0.0,0.0,0.0,0.0,0.0,0.0,0.0,0.0,0.0,0.0,0.0,0.0,0.0,0.0,0.0,0.0,0.0,0.0,0.0,0.0,0.0,0.0,0.0,0.0,0.0,0.0,0.0,0.0,0.0,0.0,0.0,0.0,0.0,0.0,0.0,0.0,0.0],[0.08064516129032258,0.0,1.0,0.0,0.0,0.0,0.0,0.08737864077669903,0.25,0.023809523809523808,0.3431372549019608,0.0,0.0,0.07432432432432433,0.23841059602649006,0.0,0.15384615384615385,0.1059322033898305,0.02155688622754491,0.0,0.0,0.0374331550802139,0.02575107296137339,0.0,0.0,0.0,0.0,0.0,0.0,0.025495750708215296,0.0,0.0,0.2072072072072072,0.16666666666666666,0.0,0.0,0.0,0.0,0.018518518518518517,0.0,0.0,0.07894736842105263,0.08208955223880597,0.0,0.07068062827225131,0.0,0.08333333333333333,0.0,0.0,0.1337579617834395,0.0,0.0,0.2876712328767123,0.046822742474916385,0.045714285714285714,0.04938271604938271,0.0,0.08695652173913043,0.0,0.0,0.0,0.0,0.152317880794702,0.0,0.08679245283018867,0.0,0.24210526315789474,0.045454545454545456,0.0,0.0,0.0,0.06550218340611354,0.0,0.0,0.12612612612612611,0.02040816326530612,0.1309823677581864,0.07186858316221766,0.024464831804281346,0.0,0.11904761904761904,0.08021390374331551,0.18248175182481752,0.16470588235294117,0.17647058823529413,0.0,0.10666666666666667,0.0,0.18518518518518517,0.15527950310559005,0.0,0.0,0.0,0.18100890207715134,0.15548780487804878,0.022556390977443608,0.2512315270935961,0.0,0.2876712328767123,0.0,0.0,0.0,0.0,0.06060606060606061,0.2550335570469799,0.0,0.09259259259259259,0.0,0.0,0.07785467128027682,0.0,0.01935483870967742,0.11363636363636363,0.14285714285714285,0.16804407713498623,0.1346153846153846,0.08849557522123894,0.0,0.057692307692307696],[0.09574468085106383,0.0,0.0,1.0,0.0,0.15789473684210525,0.0,0.0,0.0,0.0,0.0,0.0,0.0,0.053691275167785234,0.0,0.0,0.0,0.0,0.0,0.0,0.0,0.0,0.0,0.0,0.0,0.0,0.0,0.0,0.0,0.0,0.0,0.0,0.0,0.0,0.0,0.0,0.0,0.0,0.0,0.0,0.0,0.0,0.0297029702970297,0.0,0.0,0.0,0.0,0.0,0.0,0.0,0.0,0.0,0.0,0.0,0.0,0.0,0.0,0.0,0.0,0.0,0.0,0.0,0.0,0.0,0.0,0.11650485436893204,0.0,0.0,0.0,0.0,0.0,0.0,0.0,0.0,0.0,0.0,0.0,0.0,0.0,0.0,0.0,0.0,0.0,0.0,0.0,0.0,0.0,0.0,0.0,0.0,0.0,0.0,0.0,0.0,0.0,0.0,0.0,0.0,0.0,0.0,0.0,0.0,0.0,0.0,0.0,0.0,0.0,0.0,0.15789473684210525,0.020689655172413793,0.15789473684210525,0.0,0.0,0.0,0.0,0.0,0.0,0.0,0.0],[0.0,0.0,0.0,0.0,1.0,0.0,0.0,0.0,0.0,0.0,0.0,0.0,0.0,0.0,0.0,0.0,0.0,0.0,0.0,0.0,0.0,0.0,0.0,0.0,0.0,0.45501618122977344,0.0,0.0,0.0,0.0,0.0,0.0,0.0,0.0,0.0,0.0,0.0,0.0,0.0,0.0,0.0,0.0,0.0,0.0,0.0,0.0,0.0,0.0,0.0,0.0,0.0,0.0,0.0,0.0,0.0,0.0,0.0,0.0,0.0,0.0,0.0,0.0,0.0,0.0,0.0,0.0,0.0,0.0,0.0,0.0,0.0,0.014652014652014652,0.0,0.0,0.0,0.0,0.0,0.0,0.0,0.0,0.0,0.0,0.0,0.0,0.0,0.0,0.0,0.0,0.0,0.0,0.0,0.0,0.0,0.0,0.0,0.0,0.0,0.0,0.0,0.0,0.0,0.0,0.0,0.0,0.0,0.0,0.0,0.0,0.0,0.0,0.0,0.0,0.0,0.0,0.0,0.0,0.0,0.0,0.0],[0.17105263157894737,0.0,0.0,0.15789473684210525,0.0,1.0,0.0,0.0,0.0,0.0,0.0,0.0,0.0,0.0,0.0,0.0,0.0,0.0,0.0,0.0,0.0,0.0,0.0,0.0,0.0,0.0,0.0,0.0,0.0,0.0,0.0,0.0,0.0,0.0,0.0,0.0,0.0,0.0,0.0,0.0,0.0,0.0,0.03260869565217391,0.0,0.0,0.0,0.0,0.0,0.0,0.0,0.0,0.0,0.0,0.0,0.0,0.0,0.0,0.0,0.0,0.0,0.0,0.0,0.0,0.0,0.0,0.29850746268656714,0.0,0.0,0.0,0.0,0.0,0.0,0.0,0.0,0.0,0.0,0.0,0.0,0.0,0.0,0.0,0.0,0.0,0.0,0.0,0.0,0.0,0.0,0.0,0.0,0.0,0.0,0.0,0.0,0.0,0.0,0.0,0.0,0.0,0.0,0.0,0.0,0.0,0.0,0.0,0.0,0.0,0.0,0.3,0.022058823529411766,0.3,0.0,0.0,0.0,0.0,0.0,0.0,0.0,0.0],[0.0,0.0,0.0,0.0,0.0,0.0,1.0,0.0,0.0,0.0,0.0,0.0,0.0,0.0,0.0,0.0,0.02617801047120419,0.016592920353982302,0.014548981571290009,0.0,0.0,0.0,0.0,0.0,0.0,0.008688097306689836,0.0,0.0,0.0,0.9107468123861566,0.0,0.0,0.0,0.0,0.025974025974025976,0.0,0.0,0.0,0.028846153846153848,0.0,0.0,0.0,0.0,0.0,0.0,0.0274442538593482,0.026595744680851064,0.0,0.0,0.0,0.0,0.0,0.0,0.0,0.0,0.0,0.0,0.034722222222222224,0.034482758620689655,0.0,0.0,0.0,0.02881844380403458,0.03194888178913738,0.0,0.0,0.03436426116838488,0.0,0.03367003367003367,0.0,0.0,0.0,0.0,0.0,0.0,0.017006802721088437,0.0,0.0,0.0,0.0,0.03759398496240601,0.0391644908616188,0.0,0.0,0.0,0.0,0.0,0.0,0.0,0.04481792717086835,0.0547945205479452,0.08139534883720931,0.0,0.039399624765478425,0.019083969465648856,0.0,0.0,0.0,0.0,0.0,0.0,0.0,0.0,0.0,0.0,0.0,0.0,0.0,0.0,0.012919896640826873,0.0,0.029644268774703556,0.0,0.0,0.017889087656529516,0.0,0.035545023696682464,0.0,0.0],[0.0,0.0,0.08737864077669903,0.0,0.0,0.0,0.0,1.0,0.1013215859030837,0.03643724696356275,0.09278350515463918,0.0,0.0,0.061855670103092786,0.0821917808219178,0.0,0.03225806451612903,0.025604551920341393,0.010843373493975903,0.0,0.0,0.024390243902439025,0.0,0.0,0.0,0.0,0.0,0.0,0.0,0.21839080459770116,0.0,0.0,0.0,0.0,0.0,0.0,0.0,0.0,0.02821316614420063,0.0,0.0,0.11009174311926606,0.0,0.0,0.0,0.0,0.08,0.0,0.0,0.0,0.0,0.0,0.1323529411764706,0.030612244897959183,0.0,0.0,0.0,0.0,0.0,0.0,0.0,0.0,0.0,0.0,0.0,0.0,0.0,0.0,0.0,0.0,0.0,0.0,0.0,0.0,0.08490566037735849,0.03617571059431524,0.02295918367346939,0.0,0.0,0.0,0.027190332326283987,0.0,0.0,0.1125,0.0,0.0,0.0,0.0,0.0,0.0,0.0,0.0,0.0,0.06325301204819277,0.043343653250773995,0.034482758620689655,0.09090909090909091,0.0,0.0,0.0,0.0,0.0,0.0,0.0,0.08333333333333333,0.0,0.0,0.0,0.0,0.0,0.0,0.14098360655737704,0.017208413001912046,0.03643724696356275,0.025139664804469275,0.09090909090909091,0.0,0.0,0.025069637883008356],[0.04838709677419355,0.0,0.25,0.0,0.0,0.0,0.0,0.1013215859030837,1.0,0.015957446808510637,0.11946902654867257,0.0,0.0,0.014285714285714285,0.10909090909090909,0.0,0.1157684630738523,0.08052884615384616,0.006256517205422315,0.0,0.0,0.012048192771084338,0.0,0.0,0.0,0.0,0.0,0.0,0.0,0.04821802935010482,0.0,0.0,0.06382978723404255,0.05725190839694656,0.0,0.0,0.0,0.0,0.07142857142857142,0.0,0.0,0.037815126050420166,0.04752851711026616,0.0,0.029644268774703556,0.0,0.09539473684210527,0.0,0.0,0.07473309608540925,0.0,0.0,0.1065989847715736,0.014184397163120567,0.0,0.0,0.0,0.0,0.0,0.0,0.0,0.0,0.05454545454545454,0.0,0.038560411311053984,0.0,0.0684931506849315,0.0,0.0,0.0,0.0,0.042492917847025496,0.0,0.0,0.02553191489361702,0.027131782945736434,0.09980806142034548,0.057283142389525366,0.0,0.0,0.09565217391304348,0.0932475884244373,0.09578544061302682,0.028708133971291867,0.07177033492822966,0.0,0.0,0.0,0.07317073170731707,0.08771929824561403,0.0,0.0,0.0,0.13232104121475055,0.14380530973451328,0.015384615384615385,0.1559633027522936,0.0,0.1065989847715736,0.0,0.0,0.0,0.0,0.0,0.1391941391941392,0.0,0.058823529411764705,0.0,0.0,0.08404558404558404,0.0,0.04608294930875576,0.07975460122699386,0.09574468085106383,0.10882956878850103,0.02631578947368421,0.05714285714285714,0.0,0.06762295081967214],[0.0,0.0,0.023809523809523808,0.0,0.0,0.0,0.0,0.03643724696356275,0.015957446808510637,1.0,0.024390243902439025,0.0,0.0,0.013636363636363636,0.030508474576271188,0.0,0.01727447216890595,0.007042253521126761,0.006128702757916241,0.0,0.0,0.011583011583011582,0.0,0.0,0.0,0.0,0.0,0.0,0.0,0.018108651911468814,0.0,0.0,0.0,0.0,0.0,0.0,0.0,0.0,0.01282051282051282,0.0,0.0,0.03488372093023256,0.05128205128205128,0.0,0.0,0.0,0.0,0.0,0.0,0.0,0.0,0.0,0.027649769585253458,0.013544018058690745,0.0,0.0,0.0,0.0,0.0,0.0,0.0,0.0,0.0,0.0,0.08557457212713937,0.0,0.0,0.0,0.0,0.0,0.0,0.0,0.0,0.0,0.023529411764705882,0.06529850746268656,0.011090573012939002,0.0,0.0,0.0,0.0125,0.0,0.0,0.026200873362445413,0.0,0.0,0.0,0.0,0.0,0.0,0.0,0.0,0.0,0.018711018711018712,0.059322033898305086,0.014634146341463415,0.043227665706051875,0.0,0.0,0.0,0.0,0.0,0.0,0.0,0.030716723549488054,0.0,0.0,0.0,0.0,0.0,0.0,0.013215859030837005,0.008928571428571428,0.015151515151515152,0.011834319526627219,0.024193548387096774,0.0,0.0,0.011811023622047244],[0.0,0.0,0.3431372549019608,0.0,0.0,0.0,0.0,0.09278350515463918,0.11946902654867257,0.024390243902439025,1.0,0.0,0.0,0.12413793103448276,0.1724137931034483,0.0,0.0646900269541779,0.04131054131054131,0.021712907117008445,0.0,0.0,0.03804347826086957,0.02608695652173913,0.0,0.0,0.0,0.0,0.0,0.0,0.025936599423631124,0.0,0.0,0.0761904761904762,0.13636363636363635,0.0,0.0,0.0,0.0,0.018867924528301886,0.0,0.0,0.08333333333333333,0.020202020202020204,0.0,0.05851063829787234,0.0,0.0,0.0,0.0,0.10596026490066225,0.0,0.0,0.08955223880597014,0.04778156996587031,0.047337278106508875,0.05128205128205128,0.0,0.09302325581395349,0.0,0.0,0.0,0.0,0.05517241379310345,0.0,0.03088803088803089,0.0,0.0898876404494382,0.047058823529411764,0.0,0.0,0.0,0.0,0.0,0.0,0.13333333333333333,0.02072538860103627,0.12020460358056266,0.0,0.024922118380062305,0.0,0.10606060606060606,0.0,0.0,0.17721518987341772,0.12658227848101267,0.0,0.11594202898550725,0.0,0.0,0.0,0.0,0.0,0.0,0.10574018126888217,0.049689440993788817,0.023076923076923078,0.12690355329949238,0.0,0.14925373134328357,0.0,0.0,0.0,0.0,0.06349206349206349,0.2727272727272727,0.0,0.0,0.0,0.0,0.03496503496503497,0.0,0.019736842105263157,0.05747126436781609,0.06504065040650407,0.1400560224089636,0.14285714285714285,0.0,0.0,0.0446927374301676],[0.0,0.0,0.0,0.0,0.0,0.0,0.0,0.0,0.0,0.0,0.0,1.0,0.0,0.0,0.0,0.0,0.0,0.0,0.0,0.0,0.0,0.0,0.0,0.0,0.0,0.0,0.0,0.0,0.0,0.0,0.0,0.0,0.0,0.0,0.0,0.0,0.0,0.0,0.0,0.0,0.0,0.0,0.0,0.0,0.0,0.0,0.0,0.0,0.0,0.0,0.0,0.0,0.0,0.0,0.0,0.0,0.0,0.0,0.0,0.0,0.0,0.0,0.0,0.0,0.0,0.0,0.0,0.0,0.0,0.0,0.0,0.0,0.0,0.0,0.0,0.0,0.0,0.0,0.0,0.0,0.0,0.0,0.0,0.0,0.0,0.0,0.0,0.0,0.0,0.0,0.0,0.0,0.0,0.0,0.0,0.0,0.0,0.0,0.0,0.0,0.0,0.0,0.0,0.0,0.0,0.0,0.0,0.0,0.0,0.0,0.0,0.0,0.0,0.0,0.0,0.0,0.0,0.5714285714285714,0.0],[0.0,0.0,0.0,0.0,0.0,0.0,0.0,0.0,0.0,0.0,0.0,0.0,1.0,0.0,0.0,0.0,0.0,0.0,0.0,0.0,0.0,0.0,0.0,0.0,0.0,0.0,0.0,0.0,0.0,0.0,0.0,0.0,0.0,0.0,0.0,0.0,0.0,0.0,0.0,0.0,0.0,0.0,0.0,0.0,0.0,0.0,0.0,0.0,0.0,0.0,0.0,0.0,0.0,0.0,0.0,0.0,0.0,0.0,0.0,0.0,0.0,0.0,0.0,0.0,0.0,0.0,0.0,0.0,0.0,0.0,0.0,0.0,0.0,0.0,0.0,0.0,0.0,0.0,0.0,0.0,0.0,0.0,0.0,0.0,0.0,0.0,0.0,0.0,0.0,0.0,0.0,0.0,0.0,0.0,0.0,0.0,0.0,0.0,0.0,0.0,0.0,0.0,0.0,0.0,0.0,0.0,0.0,0.0,0.0,0.0,0.0,0.0,0.0,0.0,0.0,0.0,0.0,0.0,0.0],[0.053475935828877004,0.0,0.07432432432432433,0.053691275167785234,0.0,0.0,0.0,0.061855670103092786,0.014285714285714285,0.013636363636363636,0.12413793103448276,0.0,0.0,1.0,0.02654867256637168,0.0,0.05132743362831858,0.03794642857142857,0.04007820136852395,0.0,0.0,0.03914590747330961,0.08409785932721713,0.0,0.0,0.0,0.0,0.0,0.0,0.033271719038817,0.0,0.0,0.05351170568561873,0.049079754601226995,0.0,0.0,0.0,0.0,0.01171875,0.0,0.0,0.029801324503311258,0.05254237288135593,0.0,0.03508771929824561,0.0,0.0,0.0,0.0,0.0,0.0,0.0,0.022988505747126436,0.045174537987679675,0.0440771349862259,0.045714285714285714,0.0,0.05714285714285714,0.0,0.0,0.0,0.0,0.0471976401179941,0.0,0.03532008830022075,0.0,0.08480565371024736,0.04395604395604396,0.0,0.0,0.0,0.047961630695443645,0.0,0.0,0.07357859531772576,0.027586206896551724,0.035897435897435895,0.02962962962962963,0.06019417475728155,0.0,0.04198473282442748,0.0,0.0,0.08058608058608059,0.0,0.0,0.060836501901140684,0.0390625,0.0,0.04297994269340974,0.0,0.0,0.0,0.02857142857142857,0.0,0.013215859030837005,0.03836317135549872,0.0,0.0,0.0,0.0,0.0,0.0,0.05,0.026706231454005934,0.0,0.09900990099009901,0.0,0.0,0.02610966057441253,0.0,0.012048192771084338,0.051675977653631286,0.013636363636363636,0.039927404718693285,0.07534246575342465,0.0,0.0,0.010869565217391304],[0.0,0.0,0.23841059602649006,0.0,0.0,0.0,0.0,0.0821917808219178,0.10909090909090909,0.030508474576271188,0.1724137931034483,0.0,0.0,0.02654867256637168,1.0,0.0,0.06428571428571428,0.03195739014647137,0.010250569476082005,0.0,0.0,0.02158273381294964,0.0,0.0,0.0,0.0,0.0,0.0,0.0,0.030303030303030304,0.0,0.0,0.0,0.055248618784530384,0.0,0.0,0.0,0.0,0.05722070844686648,0.0,0.0,0.07643312101910828,0.0,0.0,0.023529411764705882,0.0,0.0,0.0,0.0,0.08,0.0,0.0,0.07758620689655173,0.02631578947368421,0.0,0.0,0.0,0.0,0.0,0.0,0.0,0.0,0.0,0.0,0.0,0.0,0.0,0.0,0.08333333333333333,0.07643312101910828,0.08955223880597014,0.0,0.0,0.0,0.05844155844155844,0.0,0.11363636363636363,0.0,0.0,0.0,0.079155672823219,0.05217391304347826,0.06666666666666667,0.0703125,0.078125,0.06282722513089005,0.0,0.0502092050209205,0.0967741935483871,0.0,0.0,0.0,0.0,0.13157894736842105,0.0431266846361186,0.02912621359223301,0.11382113821138211,0.0,0.08620689655172414,0.0,0.0,0.0,0.0,0.0,0.5625,0.0,0.0,0.0,0.0,0.0322061191626409,0.0,0.025495750708215296,0.043782837127845885,0.06440677966101695,0.11083743842364532,0.061224489795918366,0.0,0.0,0.04668304668304668],[0.0,0.0,0.0,0.0,0.0,0.0,0.0,0.0,0.0,0.0,0.0,0.0,0.0,0.0,0.0,1.0,0.0,0.0,0.0,0.0,0.0,0.026706231454005934,0.0,0.0,0.0,0.0,0.0,0.0,0.0,0.0,0.0,0.0,0.0,0.0,0.0,0.0,0.0,0.0,0.0,0.0,0.0,0.0,0.0,0.0,0.0,0.0,0.0,0.0,0.0,0.0,0.0,0.0,0.0,0.0,0.0,0.0,0.0,0.0,0.0,0.0,0.0,0.0,0.0,0.0,0.0,0.0,0.0,0.0,0.0,0.0,0.0,0.0,0.0,0.0,0.0,0.0,0.0,0.0,0.0,0.0,0.0,0.0,0.0,0.0,0.0,0.0,0.0,0.0,0.0,0.0,0.0,0.0,0.0,0.0,0.0,0.0,0.0,0.0,0.0,0.0,0.0,0.0,0.0,0.0,0.0,0.0,0.0,0.0,0.0,0.0,0.0,0.0,0.0,0.0,0.0,0.0,0.0,0.0,0.0],[0.07692307692307693,0.0,0.15384615384615385,0.0,0.0,0.0,0.02617801047120419,0.03225806451612903,0.1157684630738523,0.01727447216890595,0.0646900269541779,0.0,0.0,0.05132743362831858,0.06428571428571428,0.0,1.0,0.09518935516888434,0.05615942028985507,0.0,0.0,0.013996889580093312,0.02040816326530612,0.0,0.0,0.031862745098039214,0.0,0.0,0.0,0.04340836012861737,0.0,0.0,0.039473684210526314,0.036855036855036855,0.03275109170305677,0.0,0.0,0.0,0.048903878583473864,0.0,0.0,0.031331592689295036,0.05961251862891207,0.0,0.02304147465437788,0.0,0.066815144766147,0.0,0.0,0.035211267605633804,0.0,0.0,0.07017543859649122,0.01584507042253521,0.0,0.0,0.0,0.04155124653739612,0.04132231404958678,0.0,0.0,0.0,0.07142857142857142,0.038860103626943004,0.028089887640449437,0.0,0.08241758241758242,0.0,0.04054054054054054,0.0,0.0,0.07028112449799197,0.0,0.0,0.02368421052631579,0.049924357034795766,0.0960960960960961,0.07275132275132275,0.025167785234899327,0.0,0.08925619834710743,0.07675438596491228,0.06157635467980296,0.025423728813559324,0.0423728813559322,0.0,0.01744186046511628,0.03225806451612903,0.04285714285714286,0.09302325581395349,0.0,0.07952286282306163,0.0,0.13366336633663367,0.10050251256281408,0.016822429906542057,0.13983050847457626,0.0,0.07017543859649122,0.0,0.0,0.0,0.0,0.0,0.07655502392344497,0.0,0.15257731958762888,0.0,0.0,0.09445100354191263,0.0,0.05008635578583765,0.08782936010037641,0.07485604606525911,0.10759493670886076,0.024128686327077747,0.08080808080808081,0.0,0.037914691943127965],[0.03816793893129771,0.0,0.1059322033898305,0.0,0.0,0.0,0.016592920353982302,0.025604551920341393,0.08052884615384616,0.007042253521126761,0.04131054131054131,0.0,0.0,0.03794642857142857,0.03195739014647137,0.0,0.09518935516888434,1.0,0.03902439024390244,0.0,0.0,0.014373716632443531,0.043151969981238276,0.0,0.0,0.00964630225080386,0.0,0.0,0.0,0.03462749213011543,0.0,0.0,0.053445850914205346,0.03116531165311653,0.019011406844106463,0.0,0.0,0.0,0.02813852813852814,0.0,0.0,0.012605042016806723,0.04790419161676647,0.0,0.0274949083503055,0.0,0.057692307692307696,0.0,0.0,0.019815059445178335,0.0,0.0,0.05349182763744428,0.01557285873192436,0.01032258064516129,0.010498687664041995,0.0,0.033236994219653176,0.021613832853025938,0.0,0.0,0.0,0.07057256990679095,0.02092050209205021,0.04393063583815029,0.0,0.07625899280575539,0.010309278350515464,0.021398002853067047,0.0,0.0,0.03618817852834741,0.0,0.0,0.01969057665260197,0.023185483870967742,0.04613841524573721,0.045998160073597055,0.008629989212513484,0.0,0.06303418803418803,0.06353240152477764,0.06512890094979647,0.020437956204379562,0.021897810218978103,0.0,0.011851851851851851,0.0,0.04405286343612335,0.052562417871222074,0.0,0.047961630695443645,0.0,0.10245464247598719,0.08081896551724138,0.006928406466512702,0.0821917808219178,0.0,0.031203566121842496,0.0,0.0,0.0,0.0,0.01092896174863388,0.03871829105473965,0.0,0.0428921568627451,0.0,0.0,0.0636672325976231,0.0,0.02857142857142857,0.06826241134751773,0.05985915492957746,0.07268951194184839,0.019886363636363636,0.06658595641646489,0.0,0.021784232365145227],[0.01642935377875137,0.0,0.02155688622754491,0.0,0.0,0.0,0.014548981571290009,0.010843373493975903,0.006256517205422315,0.006128702757916241,0.021712907117008445,0.0,0.0,0.04007820136852395,0.010250569476082005,0.0,0.05615942028985507,0.03902439024390244,1.0,0.018541409147095178,0.026119402985074626,0.04178019981834696,0.04274937133277452,0.0,0.0,0.061236623067776455,0.0,0.0,0.0,0.022222222222222223,0.0,0.0,0.014319809069212411,0.013872832369942197,0.016375545851528384,0.0,0.0,0.0,0.024738344433872503,0.0,0.0,0.01070154577883472,0.01948627103631532,0.0,0.014427412082957619,0.0,0.016538037486218304,0.0,0.0,0.0,0.0,0.0,0.0075,0.04483430799220273,0.013303769401330377,0.013498312710911136,0.0,0.05860805860805861,0.018270401948842874,0.0,0.0,0.0,0.030751708428246014,0.017772511848341232,0.012096774193548387,0.0,0.032846715328467155,0.013289036544850499,0.018115942028985508,0.0,0.0,0.03765690376569038,0.0,0.0,0.021479713603818614,0.03485254691689008,0.014234875444839857,0.04118616144975288,0.020872865275142316,0.0,0.04045155221072436,0.02188183807439825,0.0,0.022167487684729065,0.0,0.0,0.014962593516209476,0.010834236186348862,0.0,0.01126126126126126,0.0,0.04162330905306972,0.0,0.02725563909774436,0.014218009478672985,0.006042296072507553,0.016129032258064516,0.0,0.0,0.0,0.0,0.0,0.0,0.013969732246798603,0.010273972602739725,0.0,0.05938494167550371,0.0,0.0,0.022988505747126436,0.0,0.02507232401157184,0.022310756972111555,0.006128702757916241,0.030275229357798167,0.021660649819494584,0.02098635886673662,0.0,0.005499541704857928],[0.0,0.0,0.0,0.0,0.0,0.0,0.0,0.0,0.0,0.0,0.0,0.0,0.0,0.0,0.0,0.0,0.0,0.0,0.018541409147095178,1.0,0.0,0.0,0.02727272727272727,0.0,0.0,0.0,0.0,0.0,0.0,0.0,0.0,0.0,0.0,0.0,0.0,0.0,0.0,0.0,0.0,0.0,0.0,0.0,0.0,0.0,0.0,0.0,0.0,0.0,0.0,0.0,0.0,0.0,0.0,0.0,0.0,0.0,0.0,0.0,0.0,0.0,0.0,0.0,0.0,0.0,0.0,0.0,0.0,0.0,0.0,0.0,0.0,0.0,0.0,0.0,0.0,0.0,0.0,0.0,0.0,0.0,0.0,0.0,0.0,0.0,0.0,0.0,0.0,0.0,0.0,0.0,0.0,0.0,0.0,0.0,0.0,0.0,0.0,0.0,0.0,0.0,0.0,0.0,0.0,0.0,0.0,0.0,0.0,0.0,0.0,0.0,0.0,0.0,0.0,0.0,0.0,0.0,0.0,0.0,0.0],[0.0,0.0,0.0,0.0,0.0,0.0,0.0,0.0,0.0,0.0,0.0,0.0,0.0,0.0,0.0,0.0,0.0,0.0,0.026119402985074626,0.0,1.0,0.0,0.0,0.0,0.0,0.0,0.0,0.0,0.0,0.0,0.0,0.0,0.0,0.0,0.0,0.0,0.0,0.0,0.0,0.0,0.0,0.0,0.0,0.0,0.0,0.0,0.0,0.0,0.0,0.0,0.0,0.0,0.0,0.0,0.0,0.0,0.0,0.22950819672131148,0.0,0.0,0.0,0.0,0.0,0.0,0.0,0.0,0.0,0.0,0.0,0.0,0.0,0.0707070707070707,0.0,0.0,0.0,0.0,0.0,0.03070175438596491,0.0,0.0,0.0,0.0,0.0,0.0,0.0,0.0,0.0,0.0,0.0,0.0,0.0,0.0,0.0,0.0,0.0,0.0,0.0,0.0,0.0,0.0,0.0,0.0,0.0,0.0,0.0,0.0,0.07567567567567568,0.0,0.0,0.0,0.0,0.0,0.0,0.0,0.0,0.0,0.0,0.0,0.0],[0.0,0.0,0.0374331550802139,0.0,0.0,0.0,0.0,0.024390243902439025,0.012048192771084338,0.011583011583011582,0.03804347826086957,0.0,0.0,0.03914590747330961,0.02158273381294964,0.026706231454005934,0.013996889580093312,0.014373716632443531,0.04178019981834696,0.0,0.0,1.0,0.01639344262295082,0.0,0.0,0.0,0.0,0.0,0.0,0.014539579967689823,0.0,0.0,0.021220159151193633,0.019801980198019802,0.0,0.0,0.0,0.0,0.010169491525423728,0.0,0.0,0.02368421052631579,0.011976047904191617,0.0,0.018518518518518517,0.0,0.0,0.0,0.0,0.0,0.0,0.0,0.035398230088495575,0.26194690265486725,0.018140589569160998,0.018691588785046728,0.0,0.0223463687150838,0.0,0.0,0.0,0.0,0.019184652278177457,0.0,0.015065913370998116,0.0,0.0221606648199446,0.01809954751131222,0.0,0.0,0.0,0.0,0.0,0.0,0.03713527851458886,0.0121580547112462,0.00904977375565611,0.0,0.013490725126475547,0.0,0.023255813953488372,0.0,0.0,0.039886039886039885,0.0,0.0,0.02346041055718475,0.0,0.0,0.0,0.0,0.0,0.0,0.014925373134328358,0.0,0.011278195488721804,0.031982942430703626,0.0,0.0,0.0,0.0,0.0,0.0,0.020100502512562814,0.021686746987951807,0.0,0.0,0.0,0.0,0.0,0.0,0.010416666666666666,0.017632241813602016,0.011583011583011582,0.022257551669316374,0.03783783783783784,0.0,0.0,0.009523809523809525],[0.027573529411764705,0.0,0.02575107296137339,0.0,0.0,0.0,0.0,0.0,0.0,0.0,0.02608695652173913,0.0,0.0,0.08409785932721713,0.0,0.0,0.02040816326530612,0.043151969981238276,0.04274937133277452,0.02727272727272727,0.0,0.01639344262295082,1.0,0.0,0.0,0.0,0.0,0.0,0.0,0.0,0.0,0.0,0.0255863539445629,0.024193548387096774,0.0,0.0,0.0,0.0,0.0,0.0,0.0,0.0,0.05,0.0,0.021621621621621623,0.0,0.0,0.0,0.0,0.0,0.0,0.0,0.0,0.0182648401826484,0.0225140712945591,0.023076923076923078,0.0,0.02666666666666667,0.0,0.0,0.0,0.0,0.023575638506876228,0.0,0.019261637239165328,0.0,0.026490066225165563,0.02247191011235955,0.0,0.0,0.0,0.02555366269165247,0.0,0.0,0.0255863539445629,0.016,0.013245033112582781,0.01775147928994083,0.032116788321167884,0.0,0.01729106628242075,0.0,0.0,0.02708803611738149,0.0,0.0,0.02771362586605081,0.018050541516245487,0.0,0.019267822736030827,0.0,0.0,0.0,0.0,0.0,0.0,0.0,0.0,0.0,0.0,0.0,0.0,0.0,0.024489795918367346,0.0,0.0,0.06097560975609756,0.0,0.0,0.03311965811965812,0.0,0.0,0.024830699774266364,0.0,0.016643550624133148,0.025974025974025976,0.0,0.0,0.0],[0.0,0.0,0.0,0.0,0.0,0.0,0.0,0.0,0.0,0.0,0.0,0.0,0.0,0.0,0.0,0.0,0.0,0.0,0.0,0.0,0.0,0.0,0.0,1.0,0.0,0.0,0.0,0.0,0.0,0.0,0.0,0.0,0.0,0.0,0.0,0.0,0.0,0.0,0.0,0.0,0.0,0.0,0.0,0.0,0.0,0.0,0.0,0.0,0.0,0.0,0.0,0.0,0.0,0.0,0.0,0.0,0.0,0.0,0.0,0.0,0.0,0.0,0.0,0.0,0.0,0.0,0.0,0.0,0.0,0.0,0.0,0.0,0.0,0.0,0.0,0.0,0.0,0.0,0.0,0.0,0.0,0.0,0.0,0.0,0.0,0.0,0.0,0.0,0.0,0.0,0.0,0.0,0.0,0.0,0.0,0.0,0.0,0.0,0.0,0.0,0.0,0.0,0.0,0.0,0.0,0.0,0.0,0.0,0.0,0.0,0.0,0.0,0.0,0.0,0.0,0.0,0.0,0.0,0.0],[0.0,0.0,0.0,0.0,0.0,0.0,0.0,0.0,0.0,0.0,0.0,0.0,0.0,0.0,0.0,0.0,0.0,0.0,0.0,0.0,0.0,0.0,0.0,0.0,1.0,0.0,0.0,0.0,0.0,0.0,0.0,0.0,0.0,0.0,0.0,0.0,0.0,0.0,0.0,0.0,0.0,0.0,0.0,0.0,0.0,0.0,0.0,0.0,0.0,0.0,0.0,0.0,0.0,0.0,0.0,0.0,0.0,0.0,0.0,0.0,0.0,0.0,0.0,0.0,0.0,0.0,0.0,0.0,0.0,0.0,0.0,0.0,0.0,0.0,0.0,0.0,0.0,0.0,0.0,0.0,0.0,0.0,0.0,0.0,0.0,0.0,0.0,0.0,0.0,0.0,0.0,0.0,0.0,0.0,0.0,0.0,0.0,0.0,0.0,0.0,0.0,0.0,0.0,0.0,0.0,0.0,0.0,0.0,0.0,0.0,0.0,0.0,0.0,0.0,0.0,0.0,0.0,0.0,0.0],[0.0,0.0,0.0,0.0,0.45501618122977344,0.0,0.008688097306689836,0.0,0.0,0.0,0.0,0.0,0.0,0.0,0.0,0.0,0.031862745098039214,0.00964630225080386,0.061236623067776455,0.0,0.0,0.0,0.0,0.0,0.0,1.0,0.0,0.0,0.0,0.008333333333333333,0.0,0.0,0.0,0.0,0.009652509652509652,0.0,0.0,0.0,0.012809564474807857,0.0,0.0,0.0,0.0,0.0,0.0,0.0,0.009737098344693282,0.0,0.0,0.0,0.0,0.0,0.0,0.0,0.0,0.0,0.0,0.010649627263045794,0.010626992561105207,0.0,0.0,0.0,0.01002004008016032,0.01037344398340249,0.0,0.0,0.010615711252653927,0.0,0.010548523206751054,0.0,0.0,0.011152416356877323,0.0,0.0,0.0,0.022598870056497175,0.0,0.0,0.0,0.0,0.0169061707523246,0.014506769825918761,0.0,0.0,0.0,0.0,0.0,0.0,0.0,0.0,0.0,0.032377428307123035,0.0,0.01266891891891892,0.00851063829787234,0.0,0.0,0.0,0.0,0.0,0.0,0.0,0.0,0.0,0.0,0.0,0.0,0.0,0.0,0.007017543859649123,0.0,0.01296456352636128,0.0,0.0,0.008264462809917356,0.0,0.013979496738117428,0.0,0.0],[0.0,0.0,0.0,0.0,0.0,0.0,0.0,0.0,0.0,0.0,0.0,0.0,0.0,0.0,0.0,0.0,0.0,0.0,0.0,0.0,0.0,0.0,0.0,0.0,0.0,0.0,1.0,0.0,0.0,0.0,0.0,0.0,0.0,0.0,0.0,0.0,0.0,0.0,0.0,0.0,0.0,0.0,0.0,0.0,0.0,0.0,0.0,0.0,0.0,0.0,0.0,0.0,0.0,0.0,0.0,0.0,0.0,0.0,0.0,0.0,0.0,0.0,0.0,0.0,0.0,0.0,0.0,0.0,0.0,0.0,0.0,0.0,0.0,0.0,0.0,0.0,0.0,0.0,0.0,0.0,0.0,0.0,0.0,0.0,0.0,0.0,0.0,0.0,0.0,0.0,0.0,0.0,0.0,0.0,0.0,0.0,0.0,0.0,0.0,0.0,0.0,0.0,0.0,0.0,0.0,0.0,0.0,0.0,0.0,0.0,0.0,0.0,0.0,0.0,0.0,0.0,0.0,0.0,0.0],[0.0,0.0,0.0,0.0,0.0,0.0,0.0,0.0,0.0,0.0,0.0,0.0,0.0,0.0,0.0,0.0,0.0,0.0,0.0,0.0,0.0,0.0,0.0,0.0,0.0,0.0,0.0,1.0,0.0,0.0,0.0,0.0,0.0,0.0,0.0,0.0,0.0,0.0,0.0,0.0,0.0,0.0,0.0,0.0,0.0,0.0,0.0,0.0,0.0,0.0,0.0,0.0,0.0,0.0,0.0,0.0,0.0,0.0,0.0,0.0,0.0,0.0,0.0,0.0,0.0,0.0,0.0,0.0,0.0,0.0,0.0,0.0,0.0,0.0,0.0,0.0,0.0,0.0,0.0,0.0,0.0,0.0,0.0,0.0,0.0,0.0,0.0,0.0,0.0,0.0,0.0,0.0,0.0,0.0,0.0,0.0,0.0,0.0,0.0,0.0,0.0,0.0,0.0,0.0,0.0,0.0,0.0,0.0,0.0,0.0,0.0,0.0,0.0,0.0,0.0,0.0,0.0,0.0,0.0],[0.0,0.0,0.0,0.0,0.0,0.0,0.0,0.0,0.0,0.0,0.0,0.0,0.0,0.0,0.0,0.0,0.0,0.0,0.0,0.0,0.0,0.0,0.0,0.0,0.0,0.0,0.0,0.0,1.0,0.0,0.0,0.0,0.0,0.0,0.0,0.0,0.0,0.0,0.0,0.0,0.0,0.0,0.0,0.0,0.0,0.0,0.0,0.0,0.0,0.0,0.0,0.0,0.0,0.0,0.0,0.0,0.0,0.0,0.0,0.0,0.0,0.0,0.0,0.0,0.0,0.0,0.0,0.0,0.0,0.0,0.0,0.0,0.0,0.0,0.0,0.0,0.0,0.0,0.0,0.0,0.0,0.0,0.0,0.0,0.0,0.0,0.0,0.0,0.0,0.0,0.0,0.0,0.0,0.0,0.0,0.0,0.0,0.0,0.0,0.0,0.0,0.0,0.0,0.0,0.0,0.0,0.0,0.0,0.0,0.0,0.0,0.0,0.0,0.0,0.0,0.0,0.0,0.0,0.0],[0.0,0.0,0.025495750708215296,0.0,0.0,0.0,0.9107468123861566,0.21839080459770116,0.04821802935010482,0.018108651911468814,0.025936599423631124,0.0,0.0,0.033271719038817,0.030303030303030304,0.0,0.04340836012861737,0.03462749213011543,0.022222222222222223,0.0,0.0,0.014539579967689823,0.0,0.0,0.0,0.008333333333333333,0.0,0.0,0.0,1.0,0.0,0.0,0.0,0.0,0.02304147465437788,0.0,0.0,0.0,0.0421792618629174,0.0,0.0,0.033426183844011144,0.0,0.0,0.0,0.02531645569620253,0.05647058823529412,0.0,0.0,0.0,0.0,0.0,0.02830188679245283,0.016544117647058824,0.0,0.0,0.0,0.02967359050445104,0.029498525073746312,0.0,0.0,0.0,0.025252525252525252,0.027624309392265192,0.0,0.0,0.029411764705882353,0.0,0.028901734104046242,0.0,0.0,0.0,0.0,0.0,0.025280898876404494,0.03767660910518053,0.014018691588785047,0.0,0.0,0.0,0.04991394148020654,0.034722222222222224,0.0,0.02727272727272727,0.0,0.0,0.0,0.0,0.0,0.03940886699507389,0.0469208211143695,0.07306889352818371,0.0,0.07216494845360824,0.041884816753926704,0.01761252446183953,0.04017857142857143,0.0,0.0,0.0,0.0,0.0,0.0,0.0,0.030456852791878174,0.0,0.0,0.0,0.0,0.012150668286755772,0.0,0.1045045045045045,0.01164294954721863,0.018108651911468814,0.03125,0.025787965616045846,0.03184713375796178,0.0,0.014778325123152709],[0.0,0.0,0.0,0.0,0.0,0.0,0.0,0.0,0.0,0.0,0.0,0.0,0.0,0.0,0.0,0.0,0.0,0.0,0.0,0.0,0.0,0.0,0.0,0.0,0.0,0.0,0.0,0.0,0.0,0.0,1.0,0.0,0.0,0.0,0.0,0.0,0.0,0.0,0.0,0.0,0.0,0.0,0.0,0.0,0.0,0.0,0.0,0.0,0.0,0.0,0.0,0.0,0.0,0.0,0.0,0.0,0.0,0.0,0.0,0.0,0.0,0.0,0.0,0.0,0.0,0.0,0.0,0.0,0.0,0.0,0.0,0.0,0.0,0.0,0.0,0.0,0.0,0.0,0.0,0.0,0.0,0.0,0.0,0.0,0.0,0.0,0.0,0.0,0.0,0.0,0.0,0.0,0.0,0.0,0.0,0.0,0.0,0.0,0.0,0.0,0.0,0.0,0.0,0.0,0.0,0.0,0.0,0.0,0.0,0.0,0.0,0.0,0.0,0.0,0.0,0.0,0.0,0.0,0.0],[0.0,0.0,0.0,0.0,0.0,0.0,0.0,0.0,0.0,0.0,0.0,0.0,0.0,0.0,0.0,0.0,0.0,0.0,0.0,0.0,0.0,0.0,0.0,0.0,0.0,0.0,0.0,0.0,0.0,0.0,0.0,1.0,0.0,0.0,0.0,0.0,0.0,0.0,0.0,0.0,0.0,0.0,0.0,0.0,0.0,0.0,0.0,0.0,0.0,0.0,0.0,0.0,0.0,0.0,0.0,0.0,0.0,0.0,0.0,0.0,0.0,0.0,0.0,0.0,0.0,0.0,0.0,0.0,0.0,0.0,0.0,0.0,0.0,0.0,0.0,0.0,0.0,0.0,0.0,0.0,0.0,0.0,0.0,0.0,0.0,0.0,0.0,0.0,0.0,0.0,0.0,0.0,0.0,0.0,0.0,0.0,0.0,0.0,0.0,0.0,0.0,0.0,0.0,0.0,0.0,0.0,0.0,0.0,0.0,0.0,0.0,0.0,0.0,0.0,0.0,0.0,0.0,0.0,0.0],[0.05291005291005291,0.0,0.2072072072072072,0.0,0.0,0.0,0.0,0.0,0.06382978723404255,0.0,0.0761904761904762,0.0,0.0,0.05351170568561873,0.0,0.0,0.039473684210526314,0.053445850914205346,0.014319809069212411,0.0,0.0,0.021220159151193633,0.0255863539445629,0.0,0.0,0.0,0.0,0.0,0.0,0.0,0.0,0.0,1.0,0.05673758865248227,0.0,0.0,0.0,0.0,0.0,0.0,0.0,0.0,0.0691358024691358,0.0,0.03116883116883117,0.0,0.0546448087431694,0.0,0.0,0.0,0.0,0.0,0.13157894736842105,0.026490066225165563,0.0449438202247191,0.048484848484848485,0.0,0.08421052631578947,0.0,0.0,0.0,0.0,0.11688311688311688,0.0,0.06716417910447761,0.0,0.1836734693877551,0.0446927374301676,0.0,0.0,0.0,0.04310344827586207,0.0,0.0,0.07017543859649122,0.020253164556962026,0.0,0.061224489795918366,0.024242424242424242,0.0,0.02359882005899705,0.05263157894736842,0.14285714285714285,0.09090909090909091,0.0,0.0,0.10256410256410256,0.0,0.11904761904761904,0.12195121951219512,0.0,0.0,0.0,0.029411764705882353,0.0755287009063444,0.0,0.04854368932038835,0.0,0.0,0.0,0.0,0.0,0.0,0.05925925925925926,0.0,0.0,0.0684931506849315,0.0,0.0,0.025817555938037865,0.0,0.0,0.05273069679849341,0.0392156862745098,0.02185792349726776,0.07476635514018691,0.06550218340611354,0.0,0.0],[0.0,0.0,0.16666666666666666,0.0,0.0,0.0,0.0,0.0,0.05725190839694656,0.0,0.13636363636363635,0.0,0.0,0.049079754601226995,0.055248618784530384,0.0,0.036855036855036855,0.03116531165311653,0.013872832369942197,0.0,0.0,0.019801980198019802,0.024193548387096774,0.0,0.0,0.0,0.0,0.0,0.0,0.0,0.0,0.0,0.05673758865248227,1.0,0.0,0.0,0.0,0.0,0.0,0.0,0.0,0.0,0.018518518518518517,0.0,0.05339805825242718,0.0,0.0,0.0,0.0,0.053475935828877004,0.0,0.0,0.0,0.0729483282674772,0.03902439024390244,0.041666666666666664,0.0,0.06557377049180328,0.0,0.0,0.0,0.0,0.04419889502762431,0.0,0.02711864406779661,0.0,0.064,0.038834951456310676,0.0,0.0,0.0,0.0,0.0,0.0,0.1702127659574468,0.018957345971563982,0.08196721311475409,0.0,0.022408963585434174,0.0,0.06284153005464481,0.0,0.0,0.06956521739130435,0.08695652173913043,0.0,0.0761904761904762,0.0,0.0,0.0,0.0,0.0,0.0,0.05449591280653951,0.027932960893854747,0.0,0.04291845493562232,0.0,0.0970873786407767,0.0,0.0,0.0,0.0,0.04938271604938271,0.08379888268156424,0.0,0.0,0.0,0.0,0.03289473684210526,0.0,0.0,0.03225806451612903,0.03546099290780142,0.09669211195928754,0.05970149253731343,0.0,0.0,0.025380710659898477],[0.0,0.0,0.0,0.0,0.0,0.0,0.025974025974025976,0.0,0.0,0.0,0.0,0.0,0.0,0.0,0.0,0.0,0.03275109170305677,0.019011406844106463,0.016375545851528384,0.0,0.0,0.0,0.0,0.0,0.0,0.009652509652509652,0.0,0.0,0.0,0.02304147465437788,0.0,0.0,0.0,0.0,1.0,0.0,0.0,0.0,0.037037037037037035,0.0,0.0,0.0,0.0,0.0,0.0,0.02564102564102564,0.038314176245210725,0.0,0.0,0.0,0.0,0.0,0.0,0.0,0.0,0.0,0.0,0.057803468208092484,0.05714285714285714,0.0,0.0,0.0,0.07758620689655173,0.09090909090909091,0.0,0.0,0.056818181818181816,0.0,0.054945054945054944,0.0,0.0,0.0,0.0,0.0,0.0,0.021141649048625793,0.0,0.0,0.0,0.0,0.047961630695443645,0.055970149253731345,0.0,0.0,0.0,0.0,0.0,0.0,0.0,0.0,0.0,0.1111111111111111,0.0,0.03588516746411483,0.02444987775061125,0.0,0.0,0.0,0.0,0.0,0.0,0.0,0.0,0.0,0.0,0.0,0.0,0.0,0.0,0.015174506828528073,0.0,0.03836317135549872,0.0,0.0,0.02252252252252252,0.0,0.048859934853420196,0.0,0.0],[0.0,0.0,0.0,0.0,0.0,0.0,0.0,0.0,0.0,0.0,0.0,0.0,0.0,0.0,0.0,0.0,0.0,0.0,0.0,0.0,0.0,0.0,0.0,0.0,0.0,0.0,0.0,0.0,0.0,0.0,0.0,0.0,0.0,0.0,0.0,1.0,0.0,0.0,0.0,0.0,0.0,0.0,0.0,0.0,0.0,0.0,0.0,0.0,0.0,0.0,0.0,0.0,0.0,0.0,0.0,0.0,0.0,0.0,0.0,0.0,0.0,0.0,0.0,0.0,0.0,0.0,0.0,0.0,0.0,0.0,0.0,0.0,0.0,0.0,0.0,0.0,0.0,0.0,0.0,0.0,0.0,0.0,0.0,0.0,0.0,0.0,0.0,0.0,0.0,0.0,0.0,0.0,0.0,0.0,0.0,0.0,0.0,0.0,0.0,0.0,0.0,0.0,0.0,0.0,0.0,0.0,0.0,0.0,0.0,0.0,0.0,0.0,0.0,0.0,0.0,0.0,0.0,0.0,0.0],[0.0,0.0,0.0,0.0,0.0,0.0,0.0,0.0,0.0,0.0,0.0,0.0,0.0,0.0,0.0,0.0,0.0,0.0,0.0,0.0,0.0,0.0,0.0,0.0,0.0,0.0,0.0,0.0,0.0,0.0,0.0,0.0,0.0,0.0,0.0,0.0,1.0,0.0,0.0,0.0,0.0,0.0,0.0,0.0,0.0,0.0,0.0,0.0,0.0,0.0,0.0,0.0,0.0,0.0,0.0,0.0,0.0,0.0,0.0,0.0,0.0,0.0,0.0,0.0,0.0,0.0,0.0,0.0,0.0,0.0,0.0,0.0,0.0,0.0,0.0,0.0,0.0,0.0,0.0,0.0,0.0,0.0,0.0,0.0,0.0,0.0,0.0,0.0,0.0,0.0,0.0,0.0,0.0,0.0,0.0,0.0,0.0,0.0,0.0,0.0,0.0,0.0,0.0,0.0,0.0,0.0,0.0,0.0,0.0,0.0,0.0,0.0,0.0,0.0,0.0,0.0,0.0,0.0,0.0],[0.0,0.0,0.0,0.0,0.0,0.0,0.0,0.0,0.0,0.0,0.0,0.0,0.0,0.0,0.0,0.0,0.0,0.0,0.0,0.0,0.0,0.0,0.0,0.0,0.0,0.0,0.0,0.0,0.0,0.0,0.0,0.0,0.0,0.0,0.0,0.0,0.0,1.0,0.0,0.0,0.0,0.0,0.0,0.0,0.0,0.0,0.0,0.0,0.0,0.0,0.0,0.0,0.0,0.0,0.0,0.0,0.0,0.0,0.0,0.0,0.0,0.0,0.0,0.0,0.0,0.0,0.0,0.0,0.0,0.0,0.0,0.0,0.0,0.0,0.0,0.0,0.0,0.0,0.0,0.0,0.0,0.0,0.0,0.0,0.0,0.0,0.0,0.0,0.0,0.0,0.0,0.0,0.0,0.0,0.0,0.0,0.0,0.0,0.0,0.0,0.0,0.0,0.0,0.0,0.0,0.0,0.0,0.0,0.0,0.0,0.0,0.0,0.0,0.0,0.0,0.0,0.0,0.0,0.0],[0.0,0.0,0.018518518518518517,0.0,0.0,0.0,0.028846153846153848,0.02821316614420063,0.07142857142857142,0.01282051282051282,0.018867924528301886,0.0,0.0,0.01171875,0.05722070844686648,0.0,0.048903878583473864,0.02813852813852814,0.024738344433872503,0.0,0.0,0.010169491525423728,0.0,0.0,0.0,0.012809564474807857,0.0,0.0,0.0,0.0421792618629174,0.0,0.0,0.0,0.0,0.037037037037037035,0.0,0.0,0.0,1.0,0.0,0.0,0.02727272727272727,0.0,0.0,0.0,0.0,0.03787878787878788,0.0,0.0,0.0,0.0,0.0,0.020761245674740483,0.011650485436893204,0.0,0.0,0.0,0.048701298701298704,0.0935483870967742,0.0,0.0,0.0,0.04087193460490463,0.04504504504504504,0.0,0.0,0.04823151125401929,0.0,0.08517350157728706,0.03636363636363636,0.03908794788273615,0.0,0.0,0.0,0.01834862385321101,0.024671052631578948,0.009787928221859706,0.0,0.0,0.0,0.07789855072463768,0.1141439205955335,0.0339943342776204,0.019933554817275746,0.0,0.03296703296703297,0.0,0.02912621359223301,0.04040404040404041,0.0,0.0,0.08888888888888889,0.0,0.07414104882459313,0.027573529411764705,0.012448132780082987,0.03579952267303103,0.0,0.0,0.0,0.0,0.0,0.0,0.0,0.057534246575342465,0.0,0.0,0.0,0.0,0.036523929471032744,0.0,0.049429657794676805,0.008064516129032258,0.01282051282051282,0.03626943005181347,0.01875,0.04524886877828054,0.0,0.03103448275862069],[0.0,0.0,0.0,0.0,0.0,0.0,0.0,0.0,0.0,0.0,0.0,0.0,0.0,0.0,0.0,0.0,0.0,0.0,0.0,0.0,0.0,0.0,0.0,0.0,0.0,0.0,0.0,0.0,0.0,0.0,0.0,0.0,0.0,0.0,0.0,0.0,0.0,0.0,0.0,1.0,0.0,0.0,0.0,0.0,0.0,0.0,0.0,0.0,0.0,0.0,0.0,0.0,0.0,0.0,0.0,0.0,0.0,0.0,0.0,0.0,0.0,0.0,0.0,0.0,0.0,0.0,0.0,0.0,0.0,0.0,0.0,0.0,0.0,0.0,0.0,0.0,0.0,0.0,0.0,0.0,0.0,0.0,0.0,0.0,0.0,0.0,0.0,0.0,0.0,0.0,0.0,0.0,0.0,0.0,0.0,0.0,0.0,0.0,0.0,0.0,0.0,0.0,0.0,0.0,0.0,0.0,0.0,0.0,0.0,0.0,0.0,0.0,0.0,0.0,0.0,0.0,0.0,0.0,0.0],[0.0,0.0,0.0,0.0,0.0,0.0,0.0,0.0,0.0,0.0,0.0,0.0,0.0,0.0,0.0,0.0,0.0,0.0,0.0,0.0,0.0,0.0,0.0,0.0,0.0,0.0,0.0,0.0,0.0,0.0,0.0,0.0,0.0,0.0,0.0,0.0,0.0,0.0,0.0,0.0,1.0,0.0,0.0,0.0,0.0,0.0,0.0,0.0,0.0,0.0,0.0,0.0,0.0,0.0,0.0,0.0,0.0,0.0,0.0,0.0,0.0,0.0,0.0,0.0,0.0,0.0,0.0,0.0,0.0,0.0,0.0,0.0,0.0,0.0,0.0,0.0,0.0,0.0,0.0,0.0,0.0,0.0,0.0,0.0,0.0,0.0,0.0,0.0,0.0,0.0,0.0,0.0,0.0,0.0,0.0,0.0,0.0,0.0,0.0,0.0,0.0,0.0,0.0,0.0,0.0,0.0,0.0,0.0,0.0,0.0,0.0,0.0,0.0,0.0,0.0,0.0,0.0,0.0,0.0],[0.0,0.0,0.07894736842105263,0.0,0.0,0.0,0.0,0.11009174311926606,0.037815126050420166,0.03488372093023256,0.08333333333333333,0.0,0.0,0.029801324503311258,0.07643312101910828,0.0,0.031331592689295036,0.012605042016806723,0.01070154577883472,0.0,0.0,0.02368421052631579,0.0,0.0,0.0,0.0,0.0,0.0,0.0,0.033426183844011144,0.0,0.0,0.0,0.0,0.0,0.0,0.0,0.0,0.02727272727272727,0.0,0.0,1.0,0.0,0.0,0.0,0.0,0.0,0.0,0.0,0.0,0.0,0.0,0.11392405063291139,0.029508196721311476,0.0,0.0,0.0,0.0,0.0,0.0,0.0,0.0,0.0,0.0,0.0,0.0,0.0,0.0,0.0,0.0,0.0,0.0,0.0,0.208955223880597,0.07692307692307693,0.0,0.022332506203473945,0.0,0.0,0.0,0.02631578947368421,0.0,0.0,0.0989010989010989,0.0,0.0,0.0,0.0,0.0,0.0,0.0,0.0,0.0,0.03498542274052478,0.0,0.03308823529411765,0.086124