{"classNames":["junit.extensions.ActiveTestSuite","junit.extensions.RepeatedTest","junit.extensions.TestDecorator","junit.extensions.TestSetup","junit.framework.Assert","junit.framework.AssertionFailedError","junit.framework.ComparisonCompactor","junit.framework.ComparisonFailure","junit.framework.JUnit4TestAdapter","junit.framework.JUnit4TestAdapterCache","junit.framework.JUnit4TestCaseFacade","junit.framework.Protectable","junit.framework.Test","junit.framework.TestCase","junit.framework.TestFailure","junit.framework.TestListener","junit.framework.TestResult","junit.framework.TestSuite","junit.runner.BaseTestRunner","junit.runner.TestRunListener","junit.runner.Version","junit.textui.ResultPrinter","junit.textui.TestRunner","org.junit.After","org.junit.AfterClass","org.junit.Assert","org.junit.Assume","org.junit.Before","org.junit.BeforeClass","org.junit.ComparisonFailure","org.junit.Ignore","org.junit.Test","org.junit.experimental.results.FailureList","org.junit.experimental.results.PrintableResult","org.junit.experimental.results.ResultMatchers","org.junit.experimental.runners.Enclosed","org.junit.experimental.theories.DataPoint","org.junit.experimental.theories.DataPoints","org.junit.experimental.theories.ParameterSignature","org.junit.experimental.theories.ParameterSupplier","org.junit.experimental.theories.ParametersSuppliedBy","org.junit.experimental.theories.PotentialAssignment","org.junit.experimental.theories.Theories","org.junit.experimental.theories.Theory","org.junit.experimental.theories.internal.AllMembersSupplier","org.junit.experimental.theories.internal.Assignments","org.junit.experimental.theories.internal.ParameterizedAssertionError","org.junit.experimental.theories.suppliers.TestedOn","org.junit.experimental.theories.suppliers.TestedOnSupplier","org.junit.internal.ArrayComparisonFailure","org.junit.internal.AssumptionViolatedException","org.junit.internal.JUnitSystem","org.junit.internal.RealSystem","org.junit.internal.TextListener","org.junit.internal.builders.AllDefaultPossibilitiesBuilder","org.junit.internal.builders.AnnotatedBuilder","org.junit.internal.builders.IgnoredBuilder","org.junit.internal.builders.IgnoredClassRunner","org.junit.internal.builders.JUnit3Builder","org.junit.internal.builders.JUnit4Builder","org.junit.internal.builders.NullBuilder","org.junit.internal.builders.SuiteMethodBuilder","org.junit.internal.matchers.CombinableMatcher","org.junit.internal.matchers.Each","org.junit.internal.matchers.IsCollectionContaining","org.junit.internal.matchers.StringContains","org.junit.internal.matchers.SubstringMatcher","org.junit.internal.matchers.TypeSafeMatcher","org.junit.internal.requests.ClassRequest","org.junit.internal.requests.FilterRequest","org.junit.internal.requests.SortingRequest","org.junit.internal.runners.ClassRoadie","org.junit.internal.runners.ErrorReportingRunner","org.junit.internal.runners.FailedBefore","org.junit.internal.runners.InitializationError","org.junit.internal.runners.JUnit38ClassRunner","org.junit.internal.runners.JUnit4ClassRunner","org.junit.internal.runners.MethodRoadie","org.junit.internal.runners.MethodValidator","org.junit.internal.runners.SuiteMethod","org.junit.internal.runners.TestClass","org.junit.internal.runners.TestMethod","org.junit.internal.runners.model.EachTestNotifier","org.junit.internal.runners.model.MultipleFailureException","org.junit.internal.runners.model.ReflectiveCallable","org.junit.internal.runners.statements.ExpectException","org.junit.internal.runners.statements.Fail","org.junit.internal.runners.statements.FailOnTimeout","org.junit.internal.runners.statements.InvokeMethod","org.junit.internal.runners.statements.RunAfters","org.junit.internal.runners.statements.RunBefores","org.junit.matchers.JUnitMatchers","org.junit.runner.Describable","org.junit.runner.Description","org.junit.runner.JUnitCore","org.junit.runner.Request","org.junit.runner.Result","org.junit.runner.RunWith","org.junit.runner.Runner","org.junit.runner.manipulation.Filter","org.junit.runner.manipulation.Filterable","org.junit.runner.manipulation.NoTestsRemainException","org.junit.runner.manipulation.Sortable","org.junit.runner.manipulation.Sorter","org.junit.runner.notification.Failure","org.junit.runner.notification.RunListener","org.junit.runner.notification.RunNotifier","org.junit.runner.notification.StoppedByUserException","org.junit.runners.AllTests","org.junit.runners.BlockJUnit4ClassRunner","org.junit.runners.JUnit4","org.junit.runners.Parameterized","org.junit.runners.ParentRunner","org.junit.runners.Suite","org.junit.runners.model.FrameworkMethod","org.junit.runners.model.InitializationError","org.junit.runners.model.RunnerBuilder","org.junit.runners.model.Statement","org.junit.runners.model.TestClass"],"values":[[1.0,0.5962847939999439,0.6666666666666666,0.0,0.5754604105373893,0.4714045207910316,0.607789741118069,0.6666666666666666,0.6405126152203484,0.15294382258037448,0.6666666666666666,0.0,0.0,0.7003009752518536,0.27472112789737807,0.0,0.0,0.6838368593762302,0.6350417810313129,0.6666666666666666,0.5962847939999439,0.46499055497527714,0.5784812208497498,0.0,0.0,0.5623462544630699,0.0,0.0,0.0,0.6467616667635546,0.6666666666666666,0.6666666666666666,0.2357022603955158,0.6030226891555273,0.29814239699997197,0.4714045207910316,0.0,0.0,0.4743539000589773,0.0,0.6666666666666666,0.4714045207910316,0.40201512610368484,0.0,0.49746833816309105,0.09051256444028409,0.4267895997763199,0.0,0.5039526306789696,0.35355339059327373,0.34299717028501764,0.0,0.0,0.27681826617913324,0.29814239699997197,0.5547001962252291,0.4714045207910316,0.6666666666666666,0.5962847939999439,0.4714045207910316,0.4714045207910316,0.7071067811865475,0.0,0.0,0.06876141641725289,0.6467616667635546,0.6246950475544243,0.6666666666666666,0.6666666666666666,0.6666666666666666,0.0,0.0,0.30588764516074896,0.0,0.17213259316477406,0.8164965809277261,0.3299831645537222,0.2407717061715384,0.4815434123430768,0.5547001962252291,0.6082807521644502,0.48653363279984113,0.0,0.0,0.0,0.6666666666666666,0.0,0.16169041669088866,0.0,0.0,0.0,0.0802572353905128,0.0,0.5701240736627577,0.8003267306650411,0.8381580761249496,0.0,0.6666666666666666,0.0,0.4714045207910316,0.0,0.0,0.0,0.0,0.3849001794597505,0.0,0.0,0.0,0.4714045207910316,0.5693243283022933,0.6666666666666666,0.29814239699997197,0.2676516895156553,0.5879447357921312,0.42079626873186876,0.19245008972987526,0.5879447357921312,0.0,0.6112995337441185],[0.5962847939999439,0.9999999999999998,0.8944271909999159,0.0,0.8025372561268543,0.6324555320336759,0.9683296637314884,0.8944271909999159,0.14322297480788657,0.2051956704170308,0.8944271909999159,0.0,0.0,0.8221083073205848,0.43000658178376583,0.0,0.0,0.6046918007655169,0.8149545652342997,0.8944271909999159,0.7999999999999998,0.7278253428740508,0.6305926250944657,0.0,0.0,0.7628496341355699,0.0,0.0,0.0,0.8677218312746247,0.8944271909999159,0.0,0.31622776601683794,0.26967994498529685,0.3999999999999999,0.0,0.0,0.0,0.0,0.0,0.0,0.6324555320336759,0.20225995873897262,0.0,0.4290581651605165,0.060717674071891624,0.5725983343138683,0.0,0.33806170189140655,0.5533985905294664,0.5368754921931592,0.0,0.0,0.5199469468957452,0.0,0.24806946917841693,0.0,0.0,0.0,0.0,0.0,0.31622776601683794,0.0,0.0,0.0922531208028885,0.8677218312746247,0.8381163549234938,0.25555062599997597,0.0,0.4472135954999579,0.0,0.0,0.1025978352085154,0.0,0.23094010767585027,0.3651483716701107,0.25298221281347033,0.26919095102908275,0.3768673314407159,0.3721042037676254,0.1255529641148689,0.0,0.0,0.0,0.0,0.4472135954999579,0.0,0.21693045781865616,0.0,0.0,0.0,0.1076763804116331,0.0,0.5463583647081529,0.6902684899626333,0.32128773156099955,0.0,0.0,0.0,0.6324555320336759,0.0,0.0,0.0,0.0,0.5809475019311126,0.0,0.0,0.0,0.0,0.20100756305184242,0.0,0.19999999999999998,0.1025978352085154,0.1126872339638022,0.28227871846881836,0.2581988897471611,0.1126872339638022,0.0,0.12617605957530234],[0.6666666666666666,0.8944271909999159,1.0,0.0,0.8631906158060838,0.7071067811865475,0.9116846116771036,1.0,0.16012815380508713,0.22941573387056174,1.0,0.0,0.0,0.7878385971583353,0.4120816918460671,0.0,0.0,0.606128125356204,0.8697311348907113,1.0,0.8944271909999159,0.6974858324629157,0.6507913734559685,0.0,0.0,0.8060296313970668,0.0,0.0,0.0,0.9701425001453319,1.0,0.0,0.35355339059327373,0.30151134457776363,0.4472135954999579,0.0,0.0,0.0,0.0,0.0,0.0,0.7071067811865475,0.15075567228888181,0.0,0.42640143271122083,0.06788442333021306,0.6401843996644799,0.0,0.3779644730092272,0.5303300858899106,0.5144957554275265,0.0,0.0,0.41522739926869984,0.0,0.2773500981126146,0.0,0.0,0.0,0.0,0.0,0.35355339059327373,0.0,0.0,0.10314212462587934,0.9701425001453319,0.9370425713316364,0.2857142857142857,0.0,0.5,0.0,0.0,0.11470786693528087,0.0,0.2581988897471611,0.4082482904638631,0.282842712474619,0.2407717061715384,0.3611575592573076,0.2773500981126146,0.1403724812687193,0.0,0.0,0.0,0.0,0.3333333333333333,0.0,0.24253562503633297,0.0,0.0,0.0,0.1203858530857692,0.0,0.6108472217815261,0.6859943405700353,0.3592106040535498,0.0,0.0,0.0,0.7071067811865475,0.0,0.0,0.0,0.0,0.5773502691896258,0.0,0.0,0.0,0.0,0.22473328748774737,0.0,0.14907119849998599,0.11470786693528087,0.1259881576697424,0.25247776123912125,0.2886751345948129,0.1259881576697424,0.0,0.14106912317171966],[0.0,0.0,0.0,1.0,0.0,0.0,0.0,0.0,0.0,0.0,0.0,0.0,0.0,0.2626128657194451,0.0,0.0,0.0,0.0,0.08283153665625821,0.0,0.0,0.0,0.4338609156373123,0.0,0.0,0.0,0.0,0.0,0.0,0.0,0.0,0.0,0.35355339059327373,0.0,0.0,0.0,0.0,0.0,0.0,0.0,0.0,0.0,0.0,0.0,0.0,0.06788442333021306,0.0,0.0,0.0,0.0,0.0,0.0,0.0,0.0,0.0,0.5547001962252291,0.0,0.0,0.0,0.0,0.0,0.0,0.0,0.0,0.0,0.0,0.0,0.0,0.0,0.0,0.0,0.0,0.0,0.0,0.0,0.0,0.1414213562373095,0.1203858530857692,0.1203858530857692,0.0,0.0,0.0,0.0,0.0,0.0,0.3333333333333333,0.0,0.0,0.0,0.0,0.0,0.0,0.0,0.0,0.0,0.0,0.0,0.0,0.0,0.0,0.0,0.0,0.0,0.0,0.0,1.0,0.0,0.0,0.0,0.044946657497549475,0.0,0.29814239699997197,0.0,0.0,0.0,0.0,0.0,0.0,0.0],[0.5754604105373893,0.8025372561268543,0.8631906158060838,0.0,0.9999999999999999,0.9637388493048532,0.9241574463509629,0.8631906158060838,0.3782893802066859,0.5419754972082849,0.8631906158060838,0.0,0.0,0.7635703958870509,0.4337105426248747,0.0,0.2026165832091237,0.695840283659577,0.8805716211299084,0.8631906158060838,0.7720611577929231,0.6760008143042057,0.6233531693988174,0.0,0.0,0.992539819805775,0.34172684590279667,0.0,0.0,0.9586231247953808,0.8631906158060838,0.0,0.4818694246524266,0.2602617631986001,0.38603057889646153,0.0,0.0,0.0,0.12930247424271352,0.0,0.0,0.9637388493048532,0.2910822351563291,0.0,0.6416935167755771,0.3299947420026886,0.8725281571197324,0.0,0.5151400834889318,0.6465081447420057,0.7129100627732441,0.0,0.0,0.42255878085392057,0.22349138778216196,0.3780094768163772,0.0,0.0,0.0,0.0,0.0,0.3051839689465368,0.09444234863963749,0.0,0.34675353901477296,0.8374179021201028,0.9649395102549203,0.532192710496984,0.0,0.681466275636382,0.22349138778216196,0.17398780941760658,0.27098774860414243,0.0,0.3519076715388934,0.35239609324728294,0.4208326308631193,0.4566832041086173,0.5004372835441734,0.3969099506571961,0.29654324723729897,0.052101698426791646,0.18888469727927498,0.0,0.33316129031112013,0.47702639294546745,0.0,0.33055969820530373,0.4469827755643239,0.31606455167511804,0.31606455167511804,0.22423965710722527,0.0,0.740963770554312,0.6895359623544493,0.31006722251705904,0.0,0.0,0.0,0.9637388493048532,0.0,0.0,0.0,0.4158104244980149,0.5081994528396593,0.0,0.2571151046067438,0.0,0.0,0.4635284201456744,0.0,0.3623269468589595,0.4429607429106174,0.2976364926824939,0.41579977577886945,0.39344473768231686,0.2976364926824939,0.0,0.333264013247089],[0.4714045207910316,0.6324555320336759,0.7071067811865475,0.0,0.9637388493048532,0.9999999999999998,0.8058229640253801,0.7071067811865475,0.45291081365783825,0.6488856845230501,0.7071067811865475,0.0,0.0,0.6499336836196814,0.38851434494290565,0.0,0.28669108954049793,0.659380473395787,0.7907050070875207,0.7071067811865475,0.6324555320336759,0.5753964555687504,0.5368754921931592,0.0,0.0,0.9808424964340414,0.47809144373375745,0.0,0.0,0.8574929257125441,0.7071067811865475,0.0,0.4999999999999999,0.21320071635561041,0.31622776601683794,0.0,0.0,0.0,0.1829557414985393,0.0,0.0,0.9999999999999998,0.31980107453341566,0.0,0.6784005252999681,0.4320138246635874,0.9053574604251853,0.0,0.5345224838248487,0.6249999999999999,0.7276068751089989,0.0,0.0,0.35233213170882205,0.31622776601683794,0.39223227027636803,0.0,0.0,0.0,0.0,0.0,0.24999999999999994,0.13363062095621217,0.0,0.4375949744936836,0.6859943405700353,0.8834522085987723,0.6060915267313265,0.0,0.7071067811865475,0.31622776601683794,0.24618298195866545,0.32444284226152503,0.0,0.36514837167011066,0.2886751345948129,0.4499999999999999,0.5107539184552491,0.5107539184552491,0.39223227027636803,0.34740416688982556,0.07372097807744857,0.26726124191242434,0.0,0.4714045207910316,0.4714045207910316,0.0,0.34299717028501764,0.6324555320336759,0.4472135954999579,0.4472135954999579,0.25537695922762454,0.0,0.734288161744156,0.6063390625908325,0.254000254000381,0.0,0.0,0.0,0.9999999999999998,0.0,0.0,0.0,0.588348405414552,0.40824829046386296,0.0,0.36380343755449945,0.0,0.0,0.540295467239169,0.0,0.42163702135578385,0.5677749739576687,0.3563483225498991,0.4463218426774518,0.40824829046386296,0.3563483225498991,0.0,0.39900373444305315],[0.607789741118069,0.9683296637314884,0.9116846116771036,0.0,0.9241574463509629,0.8058229640253801,0.9999999999999998,0.9116846116771036,0.2554761540106341,0.36602088993120147,0.9116846116771036,0.0,0.0,0.8379703797669527,0.45395698246199334,0.0,0.0924089054132759,0.6748067879151594,0.8778762589737881,0.9116846116771036,0.8154355063002008,0.7418682837057737,0.6551202806536816,0.0,0.0,0.8993304233770333,0.15410282570588388,0.0,0.0,0.9397429877987294,0.9116846116771036,0.0,0.40291148201269006,0.2748832530976198,0.4077177531501004,0.0,0.0,0.0,0.05897197515992568,0.0,0.0,0.8058229640253801,0.25770304977901853,0.0,0.5466707220935952,0.18566755236818824,0.7295578322623139,0.0,0.430730492253948,0.6245127971196697,0.644954561620136,0.0,0.0,0.5110511808509706,0.1019294382875251,0.31606977062050695,0.0,0.0,0.0,0.0,0.0,0.32232918561015206,0.0430730492253948,0.0,0.2115744476334665,0.8844639885164512,0.9254779005001806,0.3907219764330444,0.0,0.5698028822981898,0.1019294382875251,0.0793519600858154,0.18301044496560073,0.0,0.29424494316824984,0.37219368415938836,0.3384456448906597,0.37041951281146757,0.4527349601029048,0.41089070180665904,0.20796007549788872,0.023762422826087874,0.0861460984507896,0.0,0.15194743527951726,0.49382916465843113,0.0,0.276394996411391,0.2038588765750502,0.14414999403128942,0.14414999403128942,0.16463089458287447,0.0,0.6543575143161156,0.7231308721195464,0.3274867800668584,0.0,0.0,0.0,0.8058229640253801,0.0,0.0,0.0,0.18964186237230418,0.5757077330897978,0.0,0.11726446574911563,0.0,0.0,0.3278174078946973,0.0,0.2888000751479878,0.26144349280800105,0.2010075630518424,0.3596563901756137,0.3289758474798845,0.2010075630518424,0.0,0.22506846036226777],[0.6666666666666666,0.8944271909999159,1.0,0.0,0.8631906158060838,0.7071067811865475,0.9116846116771036,1.0,0.16012815380508713,0.22941573387056174,1.0,0.0,0.0,0.7878385971583353,0.4120816918460671,0.0,0.0,0.606128125356204,0.8697311348907113,1.0,0.8944271909999159,0.6974858324629157,0.6507913734559685,0.0,0.0,0.8060296313970668,0.0,0.0,0.0,0.9701425001453319,1.0,0.0,0.35355339059327373,0.30151134457776363,0.4472135954999579,0.0,0.0,0.0,0.0,0.0,0.0,0.7071067811865475,0.15075567228888181,0.0,0.42640143271122083,0.06788442333021306,0.6401843996644799,0.0,0.3779644730092272,0.5303300858899106,0.5144957554275265,0.0,0.0,0.41522739926869984,0.0,0.2773500981126146,0.0,0.0,0.0,0.0,0.0,0.35355339059327373,0.0,0.0,0.10314212462587934,0.9701425001453319,0.9370425713316364,0.2857142857142857,0.0,0.5,0.0,0.0,0.11470786693528087,0.0,0.2581988897471611,0.4082482904638631,0.282842712474619,0.2407717061715384,0.3611575592573076,0.2773500981126146,0.1403724812687193,0.0,0.0,0.0,0.0,0.3333333333333333,0.0,0.24253562503633297,0.0,0.0,0.0,0.1203858530857692,0.0,0.6108472217815261,0.6859943405700353,0.3592106040535498,0.0,0.0,0.0,0.7071067811865475,0.0,0.0,0.0,0.0,0.5773502691896258,0.0,0.0,0.0,0.0,0.22473328748774737,0.0,0.14907119849998599,0.11470786693528087,0.1259881576697424,0.25247776123912125,0.2886751345948129,0.1259881576697424,0.0,0.14106912317171966],[0.6405126152203484,0.14322297480788657,0.16012815380508713,0.0,0.3782893802066859,0.45291081365783825,0.2554761540106341,0.16012815380508713,1.0,0.5510387687779837,0.16012815380508713,0.0,0.0,0.399491276854621,0.13197176106437508,0.0,0.36789556812467744,0.6196791344352361,0.3249596955193232,0.16012815380508713,0.14322297480788657,0.1675306779862365,0.3299984002886405,0.0,0.0,0.4382310086283686,0.35186577527449836,0.0,0.0,0.27185747308321606,0.16012815380508713,0.8006407690254357,0.3962969619506085,0.6276459144608478,0.07161148740394328,0.5661385170722978,0.0,0.0,0.8596998251093193,0.16012815380508713,0.8006407690254357,0.45291081365783825,0.7000665968986379,0.0,0.7169281790988649,0.46741891733957014,0.45105080245760126,0.0,0.6657502859356826,0.3679900360969936,0.32954102182865386,0.0,0.0,0.1329791937083694,0.7161148740394329,0.6661733875264914,0.6793662204867574,0.8006407690254357,0.7161148740394329,0.5661385170722978,0.5661385170722978,0.6227523687795276,0.09078412990032035,0.0,0.2807712859298966,0.15534712747612348,0.30009379396821323,0.8921425711997711,0.8006407690254356,0.7205766921228921,0.21483446221182984,0.27874733666903023,0.5694067277372499,0.0,0.28941438070815306,0.7844645405527362,0.5434929763894059,0.4433747811741175,0.655423589561739,0.6217618283580586,0.9103422439592673,0.7178641055412411,0.3026137663344012,0.16012815380508713,0.3202563076101742,0.7472647177570733,0.0,0.19418390934515434,0.42966892442365967,0.4557327151876499,0.4557327151876499,0.1349401507921227,0.0,0.655352713801644,0.6865437954763621,0.7765163665331186,0.16012815380508713,0.8006407690254357,0.0,0.45291081365783825,0.0,0.0,0.0,0.3997040325158948,0.09245003270420486,0.0,0.3844645254667628,0.0,0.5661385170722978,0.8996531605990218,0.8006407690254357,0.6445033866354896,0.7255343788910119,0.9078412990032035,0.5862175678689001,0.32357511446471704,0.8473185457363233,0.0,0.937449237474181],[0.15294382258037448,0.2051956704170308,0.22941573387056174,0.0,0.5419754972082849,0.6488856845230501,0.36602088993120147,0.22941573387056174,0.5510387687779837,0.9999999999999998,0.22941573387056174,0.0,0.0,0.27111385490795004,0.18907604749897633,0.0,0.5890941889632927,0.42786254984055805,0.3705557265076254,0.22941573387056174,0.2051956704170308,0.24002133617819923,0.22395267080704775,0.0,0.0,0.5848502232450976,0.5041183773141628,0.0,0.0,0.38949041885226,0.22941573387056174,0.0,0.6488856845230501,0.2075143391598224,0.1025978352085154,0.0,0.0,0.0,0.3413124144841429,0.22941573387056174,0.0,0.6488856845230501,0.48420012470625223,0.0,0.6847623832623257,0.5918026822738671,0.6755945197629537,0.0,0.4335549847620599,0.5677749739576687,0.4721336852187802,0.0,0.0,0.20957133675806575,0.6155870112510924,0.2545139051903111,0.0,0.0,0.0,0.0,0.0,0.08111071056538126,0.13006649542861798,0.0,0.42592367185227087,0.22256595362986284,0.42994461834001113,0.4588314677411235,0.0,0.4588314677411235,0.3077935056255462,0.479233838298523,0.4736842105263157,0.0,0.4146442144313646,0.0936585811581694,0.51910854761844,0.5523681766661075,0.5523681766661075,0.2545139051903111,0.4347493533741814,0.11959121830873497,0.5202659817144719,0.22941573387056174,0.45883146774112343,0.30588764516074896,0.0,0.27820744203732856,0.6155870112510924,0.7254762501100116,0.7254762501100116,0.1933288618331376,0.0,0.6446346328718919,0.3934447376823168,0.08240856434303293,0.22941573387056174,0.0,0.0,0.6488856845230501,0.0,0.0,0.0,0.5726562866782,0.13245323570650439,0.0,0.5508226327552436,0.0,0.0,0.5258849911562841,0.0,0.6839855680567694,0.7631578947368419,0.4046513191112559,0.390976003444519,0.4635863249727653,0.3468439878096479,0.0,0.4207251934459175],[0.6666666666666666,0.8944271909999159,1.0,0.0,0.8631906158060838,0.7071067811865475,0.9116846116771036,1.0,0.16012815380508713,0.22941573387056174,1.0,0.0,0.0,0.7878385971583353,0.4120816918460671,0.0,0.0,0.606128125356204,0.8697311348907113,1.0,0.8944271909999159,0.6974858324629157,0.6507913734559685,0.0,0.0,0.8060296313970668,0.0,0.0,0.0,0.9701425001453319,1.0,0.0,0.35355339059327373,0.30151134457776363,0.4472135954999579,0.0,0.0,0.0,0.0,0.0,0.0,0.7071067811865475,0.15075567228888181,0.0,0.42640143271122083,0.06788442333021306,0.6401843996644799,0.0,0.3779644730092272,0.5303300858899106,0.5144957554275265,0.0,0.0,0.41522739926869984,0.0,0.2773500981126146,0.0,0.0,0.0,0.0,0.0,0.35355339059327373,0.0,0.0,0.10314212462587934,0.9701425001453319,0.9370425713316364,0.2857142857142857,0.0,0.5,0.0,0.0,0.11470786693528087,0.0,0.2581988897471611,0.4082482904638631,0.282842712474619,0.2407717061715384,0.3611575592573076,0.2773500981126146,0.1403724812687193,0.0,0.0,0.0,0.0,0.3333333333333333,0.0,0.24253562503633297,0.0,0.0,0.0,0.1203858530857692,0.0,0.6108472217815261,0.6859943405700353,0.3592106040535498,0.0,0.0,0.0,0.7071067811865475,0.0,0.0,0.0,0.0,0.5773502691896258,0.0,0.0,0.0,0.0,0.22473328748774737,0.0,0.14907119849998599,0.11470786693528087,0.1259881576697424,0.25247776123912125,0.2886751345948129,0.1259881576697424,0.0,0.14106912317171966],[0.0,0.0,0.0,0.0,0.0,0.0,0.0,0.0,0.0,0.0,0.0,1.0,0.0,0.2626128657194451,0.8241633836921342,1.0,0.2027212135198458,0.09325048082403138,0.20707884164064555,0.0,0.0,0.05812381937190964,0.10846522890932808,0.0,0.0,0.0,0.1690308509457033,0.0,0.0,0.0,0.0,0.0,0.0,0.0,0.0,0.7071067811865475,0.0,0.0,0.0,0.0,0.0,0.0,0.0,0.0,0.10660035817780521,0.0,0.25607375986579195,0.0,0.0,0.0,0.17149858514250882,0.0,0.0,0.0,0.4472135954999579,0.0,0.0,0.0,0.4472135954999579,0.7071067811865475,0.7071067811865475,0.35355339059327373,0.0,0.0,0.0,0.0,0.0,0.0,0.0,0.5,0.0,0.5222329678670935,0.6882472016116852,0.0,0.5163977794943222,0.0,0.1414213562373095,0.4815434123430768,0.1203858530857692,0.5547001962252291,0.0,0.10425720702853739,0.7559289460184544,0.0,0.6666666666666666,0.3333333333333333,1.0,0.48507125007266594,0.4472135954999579,0.31622776601683794,0.31622776601683794,0.0,0.0,0.0,0.17149858514250882,0.1796053020267749,0.0,0.0,0.0,0.0,0.0,0.0,0.0,0.0,0.7216878364870323,0.0,0.0,0.0,0.7071067811865475,0.08989331499509895,0.0,0.29814239699997197,0.057353933467640436,0.0,0.06311944030978031,0.2886751345948129,0.2519763153394848,1.0,0.0],[0.0,0.0,0.0,0.0,0.0,0.0,0.0,0.0,0.0,0.0,0.0,0.0,0.0,0.0,0.0,0.0,0.0,0.0,0.0,0.0,0.0,0.0,0.0,0.0,0.0,0.0,0.0,0.0,0.0,0.0,0.0,0.0,0.0,0.0,0.0,0.0,0.0,0.0,0.0,0.0,0.0,0.0,0.0,0.0,0.0,0.0,0.0,0.0,0.0,0.0,0.0,0.0,0.0,0.0,0.0,0.0,0.0,0.0,0.0,0.0,0.0,0.0,0.0,0.0,0.0,0.0,0.0,0.0,0.0,0.0,0.0,0.0,0.0,0.0,0.0,0.0,0.0,0.0,0.0,0.0,0.0,0.0,0.0,0.0,0.0,0.0,0.0,0.0,0.0,0.0,0.0,0.0,0.0,0.0,0.0,0.0,0.0,0.0,0.0,0.0,0.0,0.0,0.0,0.0,0.0,0.0,0.0,0.0,0.0,0.0,0.0,0.0,0.0,0.0,0.0,0.0,0.0,0.0,0.0],[0.7003009752518536,0.8221083073205848,0.7878385971583353,0.2626128657194451,0.7635703958870509,0.6499336836196814,0.8379703797669527,0.7878385971583353,0.399491276854621,0.27111385490795004,0.7878385971583353,0.2626128657194451,0.0,0.9999999999999999,0.5951987470341713,0.2626128657194451,0.10647439764914043,0.7469076679669088,0.8537906181198754,0.7878385971583353,0.7046642634176441,0.6410906364162967,0.7548356617620477,0.0,0.0,0.7457807751262725,0.13316902848554257,0.0,0.0,0.7961621941231025,0.7878385971583353,0.2626128657194451,0.41781451089836663,0.3959037912324479,0.35233213170882205,0.37139067635410367,0.0,0.0,0.2293246909507806,0.0,0.2626128657194451,0.6499336836196814,0.31672303298595833,0.0,0.5598925109558542,0.19610055243305133,0.6556705731606094,0.0,0.44666250028691856,0.5106621799868926,0.5629716863888062,0.0,0.0,0.4252718232640234,0.29361010975735174,0.5826856325833838,0.18569533817705183,0.2626128657194451,0.35233213170882205,0.37139067635410367,0.37139067635410367,0.6499336836196814,0.024814583349273254,0.0,0.14897546908416875,0.7643157063581784,0.7792515440353088,0.5252257314388902,0.2626128657194451,0.722185380728474,0.058722021951470346,0.27429019252949666,0.4217326631901445,0.0,0.3729349269914457,0.5360562674188974,0.4828078792603348,0.5532602927413441,0.5374528558058772,0.6919391886927683,0.39628391042187067,0.3285514069160361,0.24814583349273256,0.0,0.30638167667268595,0.7440697862050945,0.2626128657194451,0.3503113654141651,0.23488808780588138,0.16609095970747992,0.16609095970747992,0.1264594954837358,0.0,0.6015612728580301,0.8106792283998809,0.5659999567638939,0.0,0.2626128657194451,0.0,0.6499336836196814,0.0,0.0,0.0,0.10925355610938446,0.682288239221013,0.2626128657194451,0.06755660236665674,0.0,0.37139067635410367,0.4485356801377903,0.2626128657194451,0.4697761756117627,0.27111385490795004,0.34740416688982556,0.49727931307076606,0.3411441196105065,0.41357638915455425,0.2626128657194451,0.3797273086817104],[0.27472112789737807,0.43000658178376583,0.4120816918460671,0.0,0.4337105426248747,0.38851434494290565,0.45395698246199334,0.4120816918460671,0.13197176106437508,0.18907604749897633,0.4120816918460671,0.8241633836921342,0.0,0.5951987470341713,1.0,0.8241633836921342,0.22276720170758896,0.4034815669859739,0.6030226891555273,0.4120816918460671,0.3685770701003707,0.38322818917330775,0.38736997030703285,0.0,0.0,0.4248430925611414,0.23218173010628604,0.0,0.0,0.4330927930243002,0.4120816918460671,0.0,0.19425717247145283,0.12424730498438734,0.18428853505018536,0.5827715174143585,0.0,0.0,0.03554046503092429,0.0,0.0,0.38851434494290565,0.12424730498438734,0.0,0.3514244475944536,0.10257106939166571,0.597965413149648,0.0,0.207669652660466,0.29138575870717925,0.44758570505996825,0.0,0.0,0.2281434789219843,0.43000658178376583,0.15238786355189188,0.0,0.0,0.3685770701003707,0.5827715174143585,0.5827715174143585,0.43707863806076885,0.02595870658255825,0.0,0.11334128324381401,0.3997779627916617,0.4290423201401441,0.19622937706955576,0.0,0.6868028197434451,0.06142951168339512,0.47822809985881043,0.6617661662464172,0.0,0.5674615217055269,0.1682316462276133,0.2816729000836066,0.578769403495685,0.3141891047548004,0.6476484200955405,0.10604903754471438,0.10024580127208584,0.6749263711465145,0.0,0.6410159650938821,0.5036554011451931,0.8241633836921342,0.5330372837222157,0.49143609346716094,0.34749779421045546,0.34749779421045546,0.08268134335652641,0.0,0.31045337982048127,0.4711428474315455,0.2960482268948691,0.0,0.0,0.0,0.38851434494290565,0.0,0.0,0.0,0.11429089766391891,0.9714881925047267,0.0,0.07067142711473183,0.0,0.5827715174143585,0.24078203063740675,0.0,0.38905357399483576,0.18907604749897633,0.103834826330233,0.225423169844003,0.39652579285907213,0.311504478990699,0.8241633836921342,0.11626400588768693],[0.0,0.0,0.0,0.0,0.0,0.0,0.0,0.0,0.0,0.0,0.0,1.0,0.0,0.2626128657194451,0.8241633836921342,1.0,0.2027212135198458,0.09325048082403138,0.20707884164064555,0.0,0.0,0.05812381937190964,0.10846522890932808,0.0,0.0,0.0,0.1690308509457033,0.0,0.0,0.0,0.0,0.0,0.0,0.0,0.0,0.7071067811865475,0.0,0.0,0.0,0.0,0.0,0.0,0.0,0.0,0.10660035817780521,0.0,0.25607375986579195,0.0,0.0,0.0,0.17149858514250882,0.0,0.0,0.0,0.4472135954999579,0.0,0.0,0.0,0.4472135954999579,0.7071067811865475,0.7071067811865475,0.35355339059327373,0.0,0.0,0.0,0.0,0.0,0.0,0.0,0.5,0.0,0.5222329678670935,0.6882472016116852,0.0,0.5163977794943222,0.0,0.1414213562373095,0.4815434123430768,0.1203858530857692,0.5547001962252291,0.0,0.10425720702853739,0.7559289460184544,0.0,0.6666666666666666,0.3333333333333333,1.0,0.48507125007266594,0.4472135954999579,0.31622776601683794,0.31622776601683794,0.0,0.0,0.0,0.17149858514250882,0.1796053020267749,0.0,0.0,0.0,0.0,0.0,0.0,0.0,0.0,0.7216878364870323,0.0,0.0,0.0,0.7071067811865475,0.08989331499509895,0.0,0.29814239699997197,0.057353933467640436,0.0,0.06311944030978031,0.2886751345948129,0.2519763153394848,1.0,0.0],[0.0,0.0,0.0,0.0,0.2026165832091237,0.28669108954049793,0.0924089054132759,0.0,0.36789556812467744,0.5890941889632927,0.0,0.2027212135198458,0.0,0.10647439764914043,0.22276720170758896,0.2027212135198458,1.0,0.25835262533074227,0.1427295318436972,0.0,0.0,0.0824805183823729,0.06596460848762055,0.0,0.0,0.23559899792105993,0.44545980993806694,0.0,0.0,0.09833423245831942,0.0,0.0,0.8122914203647441,0.488981965302437,0.0,0.14334554477024897,0.0,0.0,0.27974283129549826,0.8108848540793832,0.0,0.28669108954049793,0.8047828178935942,0.0,0.7275418503723147,0.8532199859489349,0.5018119723889684,0.0,0.45972849981491726,0.6211640273377455,0.2433648090791819,0.0,0.0,0.12345725665744586,0.7554973565193743,0.11244949691847503,0.0,0.0,0.09065968278232492,0.14334554477024897,0.14334554477024897,0.07167277238512448,0.07662141663581955,0.0,0.23696976225063218,0.0,0.12663893812007065,0.23168138687982376,0.0,0.30408182027976866,0.18131936556464984,0.6234431280291839,0.7131140182187228,0.0,0.8374782761443419,0.0,0.6307203969890954,0.5531747011718308,0.7890874413774644,0.22489899383695006,0.5217021287057543,0.2324866227971638,0.7151332219343157,0.8108848540793832,0.4054424270396916,0.2027212135198458,0.2027212135198458,0.39333692983327767,0.45329841391162456,0.9188537628169796,0.9188537628169796,0.09761906491267602,0.0,0.2517911031520472,0.28972001080854987,0.03640980478146623,0.8108848540793832,0.0,0.0,0.28669108954049793,0.0,0.0,0.0,0.33734849075542506,0.1463014339951632,0.0,0.9039264337226756,0.0,0.14334554477024897,0.601368302803231,0.0,0.7655706546062993,0.8332582278099206,0.5618903886626766,0.33695210445569296,0.8778086039709793,0.40864755539103753,0.2027212135198458,0.41943298964675685],[0.6838368593762302,0.6046918007655169,0.606128125356204,0.0,0.695840283659577,0.659380473395787,0.6748067879151594,0.606128125356204,0.6196791344352361,0.42786254984055805,0.606128125356204,0.09325048082403138,0.0,0.7469076679669088,0.4034815669859739,0.09325048082403138,0.25835262533074227,1.0000000000000002,0.6913052155427566,0.606128125356204,0.5421374765483944,0.5067769287015342,0.5461794764181075,0.0,0.0,0.7070533070363995,0.25219532999651223,0.0,0.0,0.6671886277220536,0.606128125356204,0.41962716370814124,0.42859730770726157,0.49203136247609164,0.2710687382741972,0.36265926036768287,0.0,0.0,0.42826292421123346,0.09325048082403138,0.41962716370814124,0.659380473395787,0.4850023430121475,0.0,0.6660158219583182,0.36715479672825885,0.6447330333153716,0.0,0.546303217058937,0.5275043787166296,0.519750579568351,0.0,0.0,0.34073736077144123,0.4587317109255645,0.5689866601230589,0.29672121302810417,0.41962716370814124,0.41702882811414954,0.36265926036768287,0.36265926036768287,0.659380473395787,0.06167939547439612,0.0,0.2404513178643854,0.5880306549414709,0.6699108058576739,0.7127001034408113,0.41962716370814124,0.7226912263862432,0.14596008983995234,0.30842367725319353,0.45995224107859994,0.0,0.36115755925730764,0.5900749154108328,0.5736610118543347,0.5220107988366519,0.6342711856832437,0.6465757501398396,0.634855366579365,0.4763796995543031,0.2643402663188405,0.09325048082403138,0.2952931892760994,0.6682951125722248,0.09325048082403138,0.29401532747073544,0.3336230624913196,0.3243723035407737,0.3243723035407737,0.15155152224289895,0.0,0.623731678695604,0.7596354624460515,0.6113122481977881,0.09325048082403138,0.41962716370814124,0.0,0.659380473395787,0.0,0.0,0.0,0.27156181505873267,0.4508948429737136,0.0,0.2478810456402905,0.0,0.36265926036768287,0.6454598031542497,0.41962716370814124,0.5073850742055486,0.5000643551261522,0.5639259014801931,0.6239073247724609,0.3768673314407159,0.5639259014801931,0.09325048082403138,0.6149851966725093],[0.6350417810313129,0.8149545652342997,0.8697311348907113,0.08283153665625821,0.8805716211299084,0.7907050070875207,0.8778762589737881,0.8697311348907113,0.3249596955193232,0.3705557265076254,0.8697311348907113,0.20707884164064555,0.0,0.8537906181198754,0.6030226891555273,0.20707884164064555,0.1427295318436972,0.6913052155427566,0.9999999999999998,0.8697311348907113,0.7964328705698838,0.6956931222239263,0.7052708143700972,0.0,0.0,0.8562957473707369,0.20301573432913939,0.0,0.0,0.9040319332040481,0.8697311348907113,0.08283153665625821,0.42463787417663146,0.33715774787405484,0.3889555879527339,0.20499759443009796,0.0,0.0,0.1259112774311174,0.0,0.08283153665625821,0.7907050070875207,0.25599014190437497,0.0,0.5651117744624082,0.21648438732942152,0.7742008804865662,0.0,0.4539569824619933,0.5637433846827694,0.6250416190360382,0.041415768328129106,0.041415768328129106,0.44712100606170496,0.24078203063740672,0.40203335932255735,0.05857074126574227,0.08283153665625821,0.1666952519797431,0.20499759443009796,0.20499759443009796,0.4539232448095026,0.04696106715124069,0.0,0.21785722725719836,0.8437631376571115,0.8925917751009054,0.46148998994201007,0.08283153665625821,0.7040680615781949,0.1111301679864954,0.2234963559751133,0.3610542976228145,0.0,0.3956596998128973,0.4226979154551528,0.41878080005005724,0.4836296423342872,0.4836296423342872,0.5169000334147166,0.28196125694769114,0.13817255465061434,0.25045902480661697,0.0,0.31752089051565646,0.5522102443750547,0.20707884164064555,0.371657572539442,0.31486880929507033,0.22264587023667803,0.22264587023667803,0.16453379584568534,0.0,0.6577663825508095,0.7528910411115914,0.4239940200169403,0.0,0.08283153665625821,0.0,0.7907050070875207,0.0,0.0,0.0,0.20676001336588662,0.6934307447952751,0.08283153665625821,0.12784942207555325,0.0,0.20499759443009796,0.4039455768271739,0.08283153665625821,0.370433893288318,0.3064210815351518,0.26611271385703056,0.3999634378812684,0.38258247988704835,0.3182916773584091,0.20707884164064555,0.29504554923837867],[0.6666666666666666,0.8944271909999159,1.0,0.0,0.8631906158060838,0.7071067811865475,0.9116846116771036,1.0,0.16012815380508713,0.22941573387056174,1.0,0.0,0.0,0.7878385971583353,0.4120816918460671,0.0,0.0,0.606128125356204,0.8697311348907113,1.0,0.8944271909999159,0.6974858324629157,0.6507913734559685,0.0,0.0,0.8060296313970668,0.0,0.0,0.0,0.9701425001453319,1.0,0.0,0.35355339059327373,0.30151134457776363,0.4472135954999579,0.0,0.0,0.0,0.0,0.0,0.0,0.7071067811865475,0.15075567228888181,0.0,0.42640143271122083,0.06788442333021306,0.6401843996644799,0.0,0.3779644730092272,0.5303300858899106,0.5144957554275265,0.0,0.0,0.41522739926869984,0.0,0.2773500981126146,0.0,0.0,0.0,0.0,0.0,0.35355339059327373,0.0,0.0,0.10314212462587934,0.9701425001453319,0.9370425713316364,0.2857142857142857,0.0,0.5,0.0,0.0,0.11470786693528087,0.0,0.2581988897471611,0.4082482904638631,0.282842712474619,0.2407717061715384,0.3611575592573076,0.2773500981126146,0.1403724812687193,0.0,0.0,0.0,0.0,0.3333333333333333,0.0,0.24253562503633297,0.0,0.0,0.0,0.1203858530857692,0.0,0.6108472217815261,0.6859943405700353,0.3592106040535498,0.0,0.0,0.0,0.7071067811865475,0.0,0.0,0.0,0.0,0.5773502691896258,0.0,0.0,0.0,0.0,0.22473328748774737,0.0,0.14907119849998599,0.11470786693528087,0.1259881576697424,0.25247776123912125,0.2886751345948129,0.1259881576697424,0.0,0.14106912317171966],[0.5962847939999439,0.7999999999999998,0.8944271909999159,0.0,0.7720611577929231,0.6324555320336759,0.8154355063002008,0.8944271909999159,0.14322297480788657,0.2051956704170308,0.8944271909999159,0.0,0.0,0.7046642634176441,0.3685770701003707,0.0,0.0,0.5421374765483944,0.7964328705698838,0.8944271909999159,0.9999999999999998,0.9097816785925635,0.824621125123532,0.0,0.0,0.720934819073176,0.0,0.0,0.0,0.8677218312746247,0.8944271909999159,0.0,0.31622776601683794,0.40451991747794525,0.3999999999999999,0.0,0.0,0.0,0.0,0.0,0.0,0.6324555320336759,0.13483997249264842,0.0,0.38138503569823684,0.060717674071891624,0.5725983343138683,0.0,0.33806170189140655,0.4743416490252569,0.4601789933084222,0.4472135954999579,0.4472135954999579,0.7427813527082073,0.0,0.24806946917841693,0.0,0.0,0.0,0.0,0.0,0.31622776601683794,0.0,0.0,0.0922531208028885,0.8677218312746247,0.8381163549234938,0.25555062599997597,0.0,0.4472135954999579,0.0,0.0,0.1025978352085154,0.0,0.23094010767585027,0.3651483716701107,0.25298221281347033,0.2153527608232662,0.3230291412348993,0.24806946917841693,0.1255529641148689,0.0,0.0,0.0,0.0,0.29814239699997197,0.0,0.21693045781865616,0.0,0.0,0.0,0.1076763804116331,0.0,0.5463583647081529,0.6902684899626333,0.32128773156099955,0.0,0.0,0.0,0.6324555320336759,0.0,0.0,0.0,0.0,0.5163977794943222,0.0,0.0,0.0,0.0,0.20100756305184242,0.0,0.1333333333333333,0.1025978352085154,0.1126872339638022,0.2258229747750547,0.2581988897471611,0.1126872339638022,0.0,0.12617605957530234],[0.46499055497527714,0.7278253428740508,0.6974858324629157,0.0,0.6760008143042057,0.5753964555687504,0.7418682837057737,0.6974858324629157,0.1675306779862365,0.24002133617819923,0.6974858324629157,0.05812381937190964,0.0,0.6410906364162967,0.38322818917330775,0.05812381937190964,0.0824805183823729,0.5067769287015342,0.6956931222239263,0.6974858324629157,0.9097816785925635,1.0,0.8447913920166549,0.0,0.0,0.651535194903036,0.08842246783783417,0.0,0.0,0.7048548430432512,0.6974858324629157,0.0,0.2876982277843752,0.40307479140884944,0.31192514694602175,0.041099746826339316,0.0,0.0,0.030077738624060595,0.0,0.0,0.5753964555687504,0.1752499093081954,0.0,0.3903492577135801,0.1104796548747235,0.535823458715702,0.0,0.30756234261462273,0.4520972150897325,0.46850318091197873,0.639362013091006,0.639362013091006,0.9122879689570728,0.07798128673650544,0.2256890580767064,0.0,0.0,0.025993762245501813,0.041099746826339316,0.041099746826339316,0.26714835437120554,0.02196873875818734,0.0,0.1318903128705713,0.6766606493215211,0.6898835800250174,0.26570888855730124,0.0,0.4359286452893223,0.05198752449100363,0.07082640762018089,0.16001422411879948,0.0,0.24012009007506566,0.2847473987257497,0.24659848095803594,0.27989142318762,0.32887242224545354,0.32241294010958055,0.13870274068284677,0.018179481208639485,0.08787495503274936,0.0,0.11624763874381928,0.3681175226887611,0.05812381937190964,0.22555354977384037,0.12996881122750908,0.09190182776172597,0.09190182776172597,0.111956569275048,0.0,0.4757639660076741,0.6578980838338424,0.26098365333103857,0.0,0.0,0.0,0.5753964555687504,0.0,0.0,0.0,0.09672388203287416,0.4781986893399923,0.0,0.059808916712167495,0.0,0.041099746826339316,0.22467254055124422,0.0,0.20795009796401454,0.16334785378794114,0.13181243254912403,0.2531432633720976,0.2516835207052591,0.1464582583879156,0.05812381937190964,0.1475905722153607],[0.5784812208497498,0.6305926250944657,0.6507913734559685,0.4338609156373123,0.6233531693988174,0.5368754921931592,0.6551202806536816,0.6507913734559685,0.3299984002886405,0.22395267080704775,0.6507913734559685,0.10846522890932808,0.0,0.7548356617620477,0.38736997030703285,0.10846522890932808,0.06596460848762055,0.5461794764181075,0.7052708143700972,0.6507913734559685,0.824621125123532,0.8447913920166549,1.0,0.0,0.0,0.6058838178186253,0.09166984970282113,0.0,0.0,0.6576670522058206,0.6507913734559685,0.21693045781865616,0.42183074386605374,0.4905524551257965,0.29104275004359953,0.2300894966542111,0.0,0.0,0.18241684270938646,0.0,0.21693045781865616,0.5368754921931592,0.24527622756289824,0.0,0.42780999330816427,0.14726199031778583,0.5138393311580356,0.0,0.3689640277608545,0.40265661914486944,0.4278375657874866,0.5423261445466404,0.5423261445466404,0.7656414934887764,0.19402850002906638,0.5715739957163775,0.15339299776947407,0.21693045781865616,0.24253562503633297,0.2300894966542111,0.2300894966542111,0.42183074386605374,0.020498001542269693,0.0,0.12306067573514494,0.6313603701175877,0.6436980676493851,0.40287085023464714,0.21693045781865616,0.5423261445466404,0.048507125007266595,0.09440686400617013,0.2612781159415557,0.0,0.2520504151250418,0.4428074427700477,0.34513424498131673,0.3525573360346028,0.43090341070895904,0.4211597863173308,0.29689789961094915,0.18093250921276027,0.12298800925361816,0.0,0.14462030521243746,0.6146362971528592,0.10846522890932808,0.23676013879409538,0.14552137502179976,0.1028991510855053,0.1028991510855053,0.10446143289914159,0.0,0.4969176280437025,0.7068620652141083,0.44806139454625243,0.0,0.21693045781865616,0.0,0.5368754921931592,0.0,0.0,0.0,0.09024852563942802,0.46966821831386213,0.4338609156373123,0.05580489988532434,0.0,0.23