{"classNames":["net.sourceforge.cobertura.ant.AntUtil","net.sourceforge.cobertura.ant.CheckTask","net.sourceforge.cobertura.ant.CommonMatchingTask","net.sourceforge.cobertura.ant.ExcludeClasses","net.sourceforge.cobertura.ant.Ignore","net.sourceforge.cobertura.ant.IgnoreBranches","net.sourceforge.cobertura.ant.IncludeClasses","net.sourceforge.cobertura.ant.InstrumentTask","net.sourceforge.cobertura.ant.MergeTask","net.sourceforge.cobertura.ant.Regex","net.sourceforge.cobertura.ant.ReportTask","net.sourceforge.cobertura.check.CoverageRate","net.sourceforge.cobertura.check.Main","net.sourceforge.cobertura.check.PackageCoverage","net.sourceforge.cobertura.coveragedata.BranchCoverageData","net.sourceforge.cobertura.coveragedata.ClassData","net.sourceforge.cobertura.coveragedata.CoverageData","net.sourceforge.cobertura.coveragedata.CoverageDataContainer","net.sourceforge.cobertura.coveragedata.CoverageDataFileHandler","net.sourceforge.cobertura.coveragedata.HasBeenInstrumented","net.sourceforge.cobertura.coveragedata.JumpData","net.sourceforge.cobertura.coveragedata.LineData","net.sourceforge.cobertura.coveragedata.PackageData","net.sourceforge.cobertura.coveragedata.ProjectData","net.sourceforge.cobertura.coveragedata.SaveTimer","net.sourceforge.cobertura.coveragedata.SourceFileData","net.sourceforge.cobertura.coveragedata.SwitchData","net.sourceforge.cobertura.coveragedata.TouchCollector","net.sourceforge.cobertura.coveragedata.countermaps.AtomicCounterMap","net.sourceforge.cobertura.coveragedata.countermaps.CounterMap","net.sourceforge.cobertura.instrument.Archive","net.sourceforge.cobertura.instrument.ClassInstrumenter","net.sourceforge.cobertura.instrument.ClassPattern","net.sourceforge.cobertura.instrument.CoberturaFile","net.sourceforge.cobertura.instrument.FirstPassMethodInstrumenter","net.sourceforge.cobertura.instrument.JumpHolder","net.sourceforge.cobertura.instrument.Main","net.sourceforge.cobertura.instrument.NewLocalVariableMethodAdapter","net.sourceforge.cobertura.instrument.SecondPassMethodInstrumenter","net.sourceforge.cobertura.instrument.SwitchHolder","net.sourceforge.cobertura.javancss.FunctionMetric","net.sourceforge.cobertura.javancss.Javancss","net.sourceforge.cobertura.javancss.Metric","net.sourceforge.cobertura.javancss.ObjectMetric","net.sourceforge.cobertura.javancss.PackageMetric","net.sourceforge.cobertura.javancss.ccl.Exitable","net.sourceforge.cobertura.javancss.ccl.FileUtil","net.sourceforge.cobertura.javancss.ccl.Init","net.sourceforge.cobertura.javancss.ccl.Util","net.sourceforge.cobertura.javancss.parser.JavaCharStream","net.sourceforge.cobertura.javancss.parser.JavaParser","net.sourceforge.cobertura.javancss.parser.JavaParserConstants","net.sourceforge.cobertura.javancss.parser.JavaParserInterface","net.sourceforge.cobertura.javancss.parser.JavaParserTokenManager","net.sourceforge.cobertura.javancss.parser.ParseException","net.sourceforge.cobertura.javancss.parser.Token","net.sourceforge.cobertura.javancss.parser.TokenMgrError","net.sourceforge.cobertura.javancss.parser.debug.JavaCharStream","net.sourceforge.cobertura.javancss.parser.debug.JavaParserDebug","net.sourceforge.cobertura.javancss.parser.debug.JavaParserDebugConstants","net.sourceforge.cobertura.javancss.parser.debug.JavaParserDebugTokenManager","net.sourceforge.cobertura.javancss.parser.debug.ParseException","net.sourceforge.cobertura.javancss.parser.debug.Token","net.sourceforge.cobertura.javancss.parser.debug.TokenMgrError","net.sourceforge.cobertura.javancss.parser.java15.JavaCharStream","net.sourceforge.cobertura.javancss.parser.java15.JavaParser15","net.sourceforge.cobertura.javancss.parser.java15.JavaParser15Constants","net.sourceforge.cobertura.javancss.parser.java15.JavaParser15TokenManager","net.sourceforge.cobertura.javancss.parser.java15.ParseException","net.sourceforge.cobertura.javancss.parser.java15.Token","net.sourceforge.cobertura.javancss.parser.java15.TokenMgrError","net.sourceforge.cobertura.javancss.parser.java15.debug.JavaCharStream","net.sourceforge.cobertura.javancss.parser.java15.debug.JavaParser15Debug","net.sourceforge.cobertura.javancss.parser.java15.debug.JavaParser15DebugConstants","net.sourceforge.cobertura.javancss.parser.java15.debug.JavaParser15DebugTokenManager","net.sourceforge.cobertura.javancss.parser.java15.debug.ParseException","net.sourceforge.cobertura.javancss.parser.java15.debug.Token","net.sourceforge.cobertura.javancss.parser.java15.debug.TokenMgrError","net.sourceforge.cobertura.javancss.test.JavancssTest","net.sourceforge.cobertura.merge.Main","net.sourceforge.cobertura.reporting.ComplexityCalculator","net.sourceforge.cobertura.reporting.Main","net.sourceforge.cobertura.reporting.html.HTMLReport","net.sourceforge.cobertura.reporting.html.JavaToHtml","net.sourceforge.cobertura.reporting.html.SourceFileDataBaseNameComparator","net.sourceforge.cobertura.reporting.html.files.CopyFiles","net.sourceforge.cobertura.reporting.xml.SummaryXMLReport","net.sourceforge.cobertura.reporting.xml.XMLReport","net.sourceforge.cobertura.util.ArchiveUtil","net.sourceforge.cobertura.util.CommandLineBuilder","net.sourceforge.cobertura.util.ConfigurationUtil","net.sourceforge.cobertura.util.FileFinder","net.sourceforge.cobertura.util.FileLocker","net.sourceforge.cobertura.util.Header","net.sourceforge.cobertura.util.IOUtil","net.sourceforge.cobertura.util.RegexUtil","net.sourceforge.cobertura.util.Source","net.sourceforge.cobertura.util.StringUtil","net.sourceforge.cobertura.webapp.FlushCoberturaServlet"],"values":[[1.0,0.9922778767136676,0.9760921603577252,1.0,1.0,0.0,1.0,0.9917919268465731,0.9615239476408232,1.0,0.8751899489873673,1.0,0.9965457582448796,1.0,0.0,0.9192547197409877,1.0,0.9434563530497265,0.9185586535436918,1.0,0.0,0.9299811099505542,0.9667364890456637,0.8778762251403479,1.0,0.9704949588309457,0.0,0.0,0.0,0.0,1.0,0.9819805060619659,1.0,1.0,0.0,0.0,0.9670745372626464,0.0,0.0,0.0,0.0,0.6000000000000001,0.0,0.0,0.0,0.0,0.0,0.0,0.0,0.0,0.0,0.0,0.0,0.0,0.0,0.0,0.0,0.0,0.0,0.0,0.0,0.0,0.0,0.0,0.0,0.0,0.0,0.0,0.0,0.0,0.0,0.0,0.0,0.0,0.0,0.0,0.0,0.0,0.0,0.9486832980505138,0.50709255283711,0.923076923076923,0.9676628819679067,1.0,1.0,1.0,0.0,0.9732227014483795,1.0,0.31622776601683794,0.0,0.3779644730092272,0.31622776601683794,1.0,0.8320502943378436,1.0,0.0,0.5773502691896257,0.0],[0.9922778767136676,1.0,0.9905672621829072,0.9922778767136676,0.9922778767136676,0.0,0.9922778767136676,0.9906077477559239,0.9540989411743798,0.9922778767136676,0.868431624302328,0.9922778767136676,0.9991508330917331,0.9922778767136676,0.0,0.9523983032928818,0.9922778767136676,0.9751779862252113,0.9494431566409377,0.9922778767136676,0.11094003924504582,0.9660559162201913,0.9712621210755051,0.9287432920695053,0.9922778767136676,0.9897506959187027,0.11094003924504582,0.12403473458920845,0.12403473458920845,0.12403473458920845,0.9922778767136676,0.9879308305783994,0.9922778767136676,0.9922778767136676,0.0392232270276368,0.0,0.9722330719911844,0.08770580193070292,0.12033136751923734,0.0,0.12403473458920845,0.6945945136995675,0.12403473458920845,0.12403473458920845,0.12403473458920845,0.12403473458920845,0.12403473458920845,0.12403473458920845,0.12403473458920845,0.12403473458920845,0.12403473458920845,0.12403473458920845,0.0,0.12403473458920845,0.12403473458920845,0.12403473458920845,0.12403473458920845,0.0,0.0,0.0,0.0,0.0,0.0,0.0,0.0,0.0,0.0,0.0,0.0,0.0,0.0,0.0,0.0,0.0,0.0,0.0,0.0,0.0,0.12403473458920845,0.9413574486632833,0.6080052052987126,0.9350310761340328,0.982012980573146,0.9922778767136676,0.9922778767136676,0.9922778767136676,0.12403473458920845,0.9876552502118907,0.9922778767136676,0.3137858162210944,0.08770580193070292,0.42192650784464586,0.43145549730400484,0.9922778767136676,0.8944271909999157,0.9922778767136676,0.12403473458920845,0.6445033866354896,0.12403473458920845],[0.9760921603577252,0.9905672621829072,1.0000000000000002,0.9760921603577252,0.9760921603577252,0.0,0.9760921603577252,0.9866081776015205,0.9629135453998068,0.9760921603577252,0.9060397479110798,0.9760921603577252,0.987458691485732,0.9760921603577252,0.0,0.9740497167814772,0.9760921603577252,0.9767124922667724,0.9690502561529674,0.9760921603577252,0.15873515802650898,0.9696391300696602,0.9865159039114615,0.953116176651213,0.9760921603577252,0.9855669662737643,0.15873515802650898,0.17747130188322277,0.17747130188322277,0.17747130188322277,0.9760921603577252,0.9875490333969902,0.9760921603577252,0.9760921603577252,0.05612135332663138,0.0,0.9846026057329873,0.1254911610276317,0.17217245251303667,0.0,0.17747130188322277,0.7276323377212134,0.17747130188322277,0.17747130188322277,0.17747130188322277,0.17747130188322277,0.17747130188322277,0.17747130188322277,0.17747130188322277,0.17747130188322277,0.17747130188322277,0.17747130188322277,0.0,0.17747130188322277,0.17747130188322277,0.17747130188322277,0.17747130188322277,0.0,0.0,0.0,0.0,0.0,0.0,0.0,0.0,0.0,0.0,0.0,0.0,0.0,0.0,0.0,0.0,0.0,0.0,0.0,0.0,0.0,0.17747130188322277,0.9540630065527335,0.6599587538667847,0.9692663410545242,0.9939662656473,0.9760921603577252,0.9760921603577252,0.9760921603577252,0.17747130188322277,0.9970602582154804,0.9760921603577252,0.39284947328641967,0.1254911610276317,0.5366227767244302,0.47703150327636673,0.9760921603577252,0.9106011353054774,0.9760921603577252,0.17747130188322277,0.6660101754521279,0.17747130188322277],[1.0,0.9922778767136676,0.9760921603577252,1.0,1.0,0.0,1.0,0.9917919268465731,0.9615239476408232,1.0,0.8751899489873673,1.0,0.9965457582448796,1.0,0.0,0.9192547197409877,1.0,0.9434563530497265,0.9185586535436918,1.0,0.0,0.9299811099505542,0.9667364890456637,0.8778762251403479,1.0,0.9704949588309457,0.0,0.0,0.0,0.0,1.0,0.9819805060619659,1.0,1.0,0.0,0.0,0.9670745372626464,0.0,0.0,0.0,0.0,0.6000000000000001,0.0,0.0,0.0,0.0,0.0,0.0,0.0,0.0,0.0,0.0,0.0,0.0,0.0,0.0,0.0,0.0,0.0,0.0,0.0,0.0,0.0,0.0,0.0,0.0,0.0,0.0,0.0,0.0,0.0,0.0,0.0,0.0,0.0,0.0,0.0,0.0,0.0,0.9486832980505138,0.50709255283711,0.923076923076923,0.9676628819679067,1.0,1.0,1.0,0.0,0.9732227014483795,1.0,0.31622776601683794,0.0,0.3779644730092272,0.31622776601683794,1.0,0.8320502943378436,1.0,0.0,0.5773502691896257,0.0],[1.0,0.9922778767136676,0.9760921603577252,1.0,1.0,0.0,1.0,0.9917919268465731,0.9615239476408232,1.0,0.8751899489873673,1.0,0.9965457582448796,1.0,0.0,0.9192547197409877,1.0,0.9434563530497265,0.9185586535436918,1.0,0.0,0.9299811099505542,0.9667364890456637,0.8778762251403479,1.0,0.9704949588309457,0.0,0.0,0.0,0.0,1.0,0.9819805060619659,1.0,1.0,0.0,0.0,0.9670745372626464,0.0,0.0,0.0,0.0,0.6000000000000001,0.0,0.0,0.0,0.0,0.0,0.0,0.0,0.0,0.0,0.0,0.0,0.0,0.0,0.0,0.0,0.0,0.0,0.0,0.0,0.0,0.0,0.0,0.0,0.0,0.0,0.0,0.0,0.0,0.0,0.0,0.0,0.0,0.0,0.0,0.0,0.0,0.0,0.9486832980505138,0.50709255283711,0.923076923076923,0.9676628819679067,1.0,1.0,1.0,0.0,0.9732227014483795,1.0,0.31622776601683794,0.0,0.3779644730092272,0.31622776601683794,1.0,0.8320502943378436,1.0,0.0,0.5773502691896257,0.0],[0.0,0.0,0.0,0.0,0.0,1.0,0.0,0.052199575097188054,0.0,0.0,0.14586499149789456,0.0,0.0,0.0,1.0,0.05407380704358752,0.0,0.10482848367219184,0.10206207261596577,0.0,0.4472135954999579,0.11624763874381927,0.09667364890456637,0.0,0.0,0.10783277320343841,0.4472135954999579,0.0,0.0,0.0,0.0,0.1091089451179962,0.0,0.0,0.9486832980505138,1.0,0.1017973197118575,0.7071067811865475,0.24253562503633294,1.0,0.0,0.0,0.0,0.0,0.0,0.0,0.0,0.0,0.0,0.0,0.0,0.0,0.0,0.0,0.0,0.0,0.0,0.0,0.0,0.0,0.0,0.0,0.0,0.0,0.0,0.0,0.0,0.0,0.0,0.0,0.0,0.0,0.0,0.0,0.0,0.0,0.0,0.0,0.0,0.0,0.0,0.07692307692307691,0.08796935290617335,0.0,0.0,0.0,0.0,0.04423739552038088,0.0,0.0,0.0,0.0,0.0,0.0,0.0,0.0,0.0,0.5773502691896257,0.0],[1.0,0.9922778767136676,0.9760921603577252,1.0,1.0,0.0,1.0,0.9917919268465731,0.9615239476408232,1.0,0.8751899489873673,1.0,0.9965457582448796,1.0,0.0,0.9192547197409877,1.0,0.9434563530497265,0.9185586535436918,1.0,0.0,0.9299811099505542,0.9667364890456637,0.8778762251403479,1.0,0.9704949588309457,0.0,0.0,0.0,0.0,1.0,0.9819805060619659,1.0,1.0,0.0,0.0,0.9670745372626464,0.0,0.0,0.0,0.0,0.6000000000000001,0.0,0.0,0.0,0.0,0.0,0.0,0.0,0.0,0.0,0.0,0.0,0.0,0.0,0.0,0.0,0.0,0.0,0.0,0.0,0.0,0.0,0.0,0.0,0.0,0.0,0.0,0.0,0.0,0.0,0.0,0.0,0.0,0.0,0.0,0.0,0.0,0.0,0.9486832980505138,0.50709255283711,0.923076923076923,0.9676628819679067,1.0,1.0,1.0,0.0,0.9732227014483795,1.0,0.31622776601683794,0.0,0.3779644730092272,0.31622776601683794,1.0,0.8320502943378436,1.0,0.0,0.5773502691896257,0.0],[0.9917919268465731,0.9906077477559239,0.9866081776015205,0.9917919268465731,0.9917919268465731,0.052199575097188054,0.9917919268465731,1.0,0.9823123410327421,0.9917919268465731,0.9213049599071503,0.9917919268465731,0.9927009765225756,0.9917919268465731,0.052199575097188054,0.9540488560281598,0.9917919268465731,0.9576004035099127,0.9536398315124262,0.9917919268465731,0.07003307898835061,0.9466200663626902,0.9789867388071422,0.9057130209366973,0.9917919268465731,0.9794155400421423,0.07003307898835061,0.052199575097188054,0.052199575097188054,0.052199575097188054,0.9917919268465731,0.9967021005308173,0.9917919268465731,0.9917919268465731,0.06602782008004777,0.052199575097188054,0.9910193797259275,0.07382134705255622,0.06330128286413753,0.052199575097188054,0.052199575097188054,0.6368348161856944,0.052199575097188054,0.052199575097188054,0.052199575097188054,0.052199575097188054,0.052199575097188054,0.052199575097188054,0.052199575097188054,0.052199575097188054,0.052199575097188054,0.052199575097188054,0.0,0.052199575097188054,0.052199575097188054,0.052199575097188054,0.052199575097188054,0.0,0.0,0.0,0.0,0.0,0.0,0.0,0.0,0.0,0.0,0.0,0.0,0.0,0.0,0.0,0.0,0.0,0.0,0.0,0.0,0.0,0.052199575097188054,0.9739103461807046,0.5646936702516377,0.9596691114021497,0.979618739899058,0.9917919268465731,0.9917919268465731,0.9917919268465731,0.052199575097188054,0.9813986310673063,0.9917919268465731,0.4126738755002986,0.03691067352627811,0.4340508676441139,0.36315301044026277,0.9917919268465731,0.854175879203872,0.9917919268465731,0.052199575097188054,0.6328862134128579,0.052199575097188054],[0.9615239476408232,0.9540989411743798,0.9629135453998068,0.9615239476408232,0.9615239476408232,0.0,0.9615239476408232,0.9823123410327421,1.0000000000000002,0.9615239476408232,0.9617326796410333,0.9615239476408232,0.958202611472334,0.9615239476408232,0.0,0.9433062960556914,0.9615239476408232,0.9071558770111873,0.9392933581041744,0.9615239476408232,0.0,0.8941991080710513,0.9560985791406337,0.8724720896222479,0.9615239476408232,0.9331541439806493,0.0,0.0,0.0,0.0,0.9615239476408232,0.9741723051615439,0.9615239476408232,0.9615239476408232,0.0,0.0,0.9857970757080451,0.0,0.0,0.0,0.0,0.576914368584494,0.0,0.0,0.0,0.0,0.0,0.0,0.0,0.0,0.0,0.0,0.0,0.0,0.0,0.0,0.0,0.0,0.0,0.0,0.0,0.0,0.0,0.0,0.0,0.0,0.0,0.0,0.0,0.0,0.0,0.0,0.0,0.0,0.0,0.0,0.0,0.0,0.0,0.9990561583550597,0.5340179792444578,0.9720901448676453,0.9465423941558022,0.9615239476408232,0.9615239476408232,0.9615239476408232,0.0,0.9479298810229134,0.9615239476408232,0.5646839155919902,0.0,0.46725671848604855,0.30406056993414854,0.9615239476408232,0.8000362836474323,0.9615239476408232,0.0,0.5551361100027009,0.0],[1.0,0.9922778767136676,0.9760921603577252,1.0,1.0,0.0,1.0,0.9917919268465731,0.9615239476408232,1.0,0.8751899489873673,1.0,0.9965457582448796,1.0,0.0,0.9192547197409877,1.0,0.9434563530497265,0.9185586535436918,1.0,0.0,0.9299811099505542,0.9667364890456637,0.8778762251403479,1.0,0.9704949588309457,0.0,0.0,0.0,0.0,1.0,0.9819805060619659,1.0,1.0,0.0,0.0,0.9670745372626464,0.0,0.0,0.0,0.0,0.6000000000000001,0.0,0.0,0.0,0.0,0.0,0.0,0.0,0.0,0.0,0.0,0.0,0.0,0.0,0.0,0.0,0.0,0.0,0.0,0.0,0.0,0.0,0.0,0.0,0.0,0.0,0.0,0.0,0.0,0.0,0.0,0.0,0.0,0.0,0.0,0.0,0.0,0.0,0.9486832980505138,0.50709255283711,0.923076923076923,0.9676628819679067,1.0,1.0,1.0,0.0,0.9732227014483795,1.0,0.31622776601683794,0.0,0.3779644730092272,0.31622776601683794,1.0,0.8320502943378436,1.0,0.0,0.5773502691896257,0.0],[0.8751899489873673,0.868431624302328,0.9060397479110798,0.8751899489873673,0.8751899489873673,0.14586499149789456,0.8751899489873673,0.9213049599071503,0.9617326796410333,0.8751899489873673,0.9999999999999999,0.8751899489873673,0.8721668313219133,0.8751899489873673,0.14586499149789456,0.9070596715372435,0.8751899489873673,0.8409943233769792,0.9081242846175059,0.8751899489873673,0.06523280730534423,0.8308665810138584,0.9306858643853111,0.8210354990986334,0.8751899489873673,0.8650964600582666,0.06523280730534423,0.0,0.0,0.0,0.8751899489873673,0.923080170414884,0.8751899489873673,0.8751899489873673,0.13837968120433275,0.14586499149789456,0.9577389037409665,0.10314212462587934,0.03537745688386126,0.14586499149789456,0.0,0.5251139693924204,0.0,0.0,0.0,0.0,0.0,0.0,0.0,0.0,0.0,0.0,0.0,0.0,0.0,0.0,0.0,0.0,0.0,0.0,0.0,0.0,0.0,0.0,0.0,0.0,0.0,0.0,0.0,0.0,0.0,0.0,0.0,0.0,0.0,0.0,0.0,0.0,0.0,0.9686577684303292,0.5177693563576148,0.9761734046397555,0.9067698565705544,0.8751899489873673,0.8751899489873673,0.8751899489873673,0.0,0.8969235376842405,0.8751899489873673,0.6918984060216637,0.0,0.6064496310619684,0.2767593624086655,0.8751899489873673,0.7282020546564613,0.8751899489873673,0.0,0.5895063447465633,0.0],[1.0,0.9922778767136676,0.9760921603577252,1.0,1.0,0.0,1.0,0.9917919268465731,0.9615239476408232,1.0,0.8751899489873673,1.0,0.9965457582448796,1.0,0.0,0.9192547197409877,1.0,0.9434563530497265,0.9185586535436918,1.0,0.0,0.9299811099505542,0.9667364890456637,0.8778762251403479,1.0,0.9704949588309457,0.0,0.0,0.0,0.0,1.0,0.9819805060619659,1.0,1.0,0.0,0.0,0.9670745372626464,0.0,0.0,0.0,0.0,0.6000000000000001,0.0,0.0,0.0,0.0,0.0,0.0,0.0,0.0,0.0,0.0,0.0,0.0,0.0,0.0,0.0,0.0,0.0,0.0,0.0,0.0,0.0,0.0,0.0,0.0,0.0,0.0,0.0,0.0,0.0,0.0,0.0,0.0,0.0,0.0,0.0,0.0,0.0,0.9486832980505138,0.50709255283711,0.923076923076923,0.9676628819679067,1.0,1.0,1.0,0.0,0.9732227014483795,1.0,0.31622776601683794,0.0,0.3779644730092272,0.31622776601683794,1.0,0.8320502943378436,1.0,0.0,0.5773502691896257,0.0],[0.9965457582448796,0.9991508330917331,0.987458691485732,0.9965457582448796,0.9965457582448796,0.0,0.9965457582448796,0.9927009765225756,0.958202611472334,0.9965457582448796,0.8721668313219133,0.9965457582448796,1.0,0.9965457582448796,0.0,0.9430229032251867,0.9965457582448796,0.9663140219075799,0.9408131112738743,0.9965457582448796,0.07427813527082074,0.9557302531931239,0.9714254570614953,0.9134398796818013,0.9965457582448796,0.9850526834102961,0.07427813527082074,0.08304547985373996,0.08304547985373996,0.08304547985373996,0.9965457582448796,0.9876495126988716,0.9965457582448796,0.9965457582448796,0.026261286571944507,0.0,0.9721878352790158,0.05872202195147034,0.08056594945107606,0.0,0.08304547985373996,0.6643638388299198,0.08304547985373996,0.08304547985373996,0.08304547985373996,0.08304547985373996,0.08304547985373996,0.08304547985373996,0.08304547985373996,0.08304547985373996,0.08304547985373996,0.08304547985373996,0.0,0.08304547985373996,0.08304547985373996,0.08304547985373996,0.08304547985373996,0.0,0.0,0.0,0.0,0.0,0.0,0.0,0.0,0.0,0.0,0.0,0.0,0.0,0.0,0.0,0.0,0.0,0.0,0.0,0.0,0.0,0.08304547985373996,0.9454063165900022,0.5755271732017491,0.9326646198958487,0.9789312546851653,0.9965457582448796,0.9965457582448796,0.9965457582448796,0.08304547985373996,0.9845558179098841,0.9965457582448796,0.31513543886333406,0.05872202195147034,0.4080471333733239,0.39391929857916763,0.9965457582448796,0.8752415354392695,0.9965457582448796,0.08304547985373996,0.6233022919309995,0.08304547985373996],[1.0,0.9922778767136676,0.9760921603577252,1.0,1.0,0.0,1.0,0.9917919268465731,0.9615239476408232,1.0,0.8751899489873673,1.0,0.9965457582448796,1.0,0.0,0.9192547197409877,1.0,0.9434563530497265,0.9185586535436918,1.0,0.0,0.9299811099505542,0.9667364890456637,0.8778762251403479,1.0,0.9704949588309457,0.0,0.0,0.0,0.0,1.0,0.9819805060619659,1.0,1.0,0.0,0.0,0.9670745372626464,0.0,0.0,0.0,0.0,0.6000000000000001,0.0,0.0,0.0,0.0,0.0,0.0,0.0,0.0,0.0,0.0,0.0,0.0,0.0,0.0,0.0,0.0,0.0,0.0,0.0,0.0,0.0,0.0,0.0,0.0,0.0,0.0,0.0,0.0,0.0,0.0,0.0,0.0,0.0,0.0,0.0,0.0,0.0,0.9486832980505138,0.50709255283711,0.923076923076923,0.9676628819679067,1.0,1.0,1.0,0.0,0.9732227014483795,1.0,0.31622776601683794,0.0,0.3779644730092272,0.31622776601683794,1.0,0.8320502943378436,1.0,0.0,0.5773502691896257,0.0],[0.0,0.0,0.0,0.0,0.0,1.0,0.0,0.052199575097188054,0.0,0.0,0.14586499149789456,0.0,0.0,0.0,1.0,0.05407380704358752,0.0,0.10482848367219184,0.10206207261596577,0.0,0.4472135954999579,0.11624763874381927,0.09667364890456637,0.0,0.0,0.10783277320343841,0.4472135954999579,0.0,0.0,0.0,0.0,0.1091089451179962,0.0,0.0,0.9486832980505138,1.0,0.1017973197118575,0.7071067811865475,0.24253562503633294,1.0,0.0,0.0,0.0,0.0,0.0,0.0,0.0,0.0,0.0,0.0,0.0,0.0,0.0,0.0,0.0,0.0,0.0,0.0,0.0,0.0,0.0,0.0,0.0,0.0,0.0,0.0,0.0,0.0,0.0,0.0,0.0,0.0,0.0,0.0,0.0,0.0,0.0,0.0,0.0,0.0,0.0,0.07692307692307691,0.08796935290617335,0.0,0.0,0.0,0.0,0.04423739552038088,0.0,0.0,0.0,0.0,0.0,0.0,0.0,0.0,0.0,0.5773502691896257,0.0],[0.9192547197409877,0.9523983032928818,0.9740497167814772,0.9192547197409877,0.9192547197409877,0.05407380704358752,0.9192547197409877,0.9540488560281598,0.9433062960556914,0.9192547197409877,0.9070596715372435,0.9192547197409877,0.9430229032251867,0.9192547197409877,0.05407380704358752,1.0000000000000002,0.9192547197409877,0.974977734187058,0.9933992677987827,0.9192547197409877,0.31437304171433844,0.9743226199394225,0.9461797149087736,0.9801181454025675,0.9192547197409877,0.9679341428154921,0.31437304171433844,0.3244428422615251,0.3244428422615251,0.3244428422615251,0.9192547197409877,0.9675895113865446,0.9192547197409877,0.9192547197409877,0.1538967528127731,0.05407380704358752,0.97155636207482,0.2676516895156554,0.3278706147352641,0.05407380704358752,0.3244428422615251,0.8111071056538127,0.3244428422615251,0.3244428422615251,0.3244428422615251,0.3244428422615251,0.3244428422615251,0.3244428422615251,0.3244428422615251,0.3244428422615251,0.3244428422615251,0.3244428422615251,0.0,0.3244428422615251,0.3244428422615251,0.3244428422615251,0.3244428422615251,0.0,0.0,0.0,0.0,0.0,0.0,0.0,0.0,0.0,0.0,0.0,0.0,0.0,0.0,0.0,0.0,0.0,0.0,0.0,0.0,0.0,0.3244428422615251,0.9404801560780578,0.7769120375683659,0.9691690031658377,0.9640524637989947,0.9192547197409877,0.9192547197409877,0.9192547197409877,0.3244428422615251,0.9640100089604152,0.9192547197409877,0.4958895368411578,0.22941573387056174,0.5518254055364692,0.5984873720496732,0.9192547197409877,0.9448346683982798,0.9192547197409877,0.3244428422615251,0.7492686492653553,0.3244428422615251],[1.0,0.9922778767136676,0.9760921603577252,1.0,1.0,0.0,1.0,0.9917919268465731,0.9615239476408232,1.0,0.8751899489873673,1.0,0.9965457582448796,1.0,0.0,0.9192547197409877,1.0,0.9434563530497265,0.9185586535436918,1.0,0.0,0.9299811099505542,0.9667364890456637,0.8778762251403479,1.0,0.9704949588309457,0.0,0.0,0.0,0.0,1.0,0.9819805060619659,1.0,1.0,0.0,0.0,0.9670745372626464,0.0,0.0,0.0,0.0,0.6000000000000001,0.0,0.0,0.0,0.0,0.0,0.0,0.0,0.0,0.0,0.0,0.0,0.0,0.0,0.0,0.0,0.0,0.0,0.0,0.0,0.0,0.0,0.0,0.0,0.0,0.0,0.0,0.0,0.0,0.0,0.0,0.0,0.0,0.0,0.0,0.0,0.0,0.0,0.9486832980505138,0.50709255283711,0.923076923076923,0.9676628819679067,1.0,1.0,1.0,0.0,0.9732227014483795,1.0,0.31622776601683794,0.0,0.3779644730092272,0.31622776601683794,1.0,0.8320502943378436,1.0,0.0,0.5773502691896257,0.0],[0.9434563530497265,0.9751779862252113,0.9767124922667724,0.9434563530497265,0.9434563530497265,0.10482848367219184,0.9434563530497265,0.9576004035099127,0.9071558770111873,0.9434563530497265,0.8409943233769792,0.9434563530497265,0.9663140219075799,0.9434563530497265,0.10482848367219184,0.974977734187058,0.9434563530497265,1.0,0.9736101204623271,0.9434563530497265,0.32816506165694687,0.9992572233989596,0.9526102904180127,0.9743975315293804,0.9434563530497265,0.994747257247375,0.32816506165694687,0.31448545101657555,0.31448545101657555,0.31448545101657555,0.9434563530497265,0.9722066481023148,0.9434563530497265,0.9434563530497265,0.19889806323953876,0.10482848367219184,0.9550776507222175,0.2964997266644405,0.3305203435175989,0.10482848367219184,0.31448545101657555,0.8176621726430964,0.31448545101657555,0.31448545101657555,0.31448545101657555,0.31448545101657555,0.31448545101657555,0.31448545101657555,0.31448545101657555,0.31448545101657555,0.31448545101657555,0.31448545101657555,0.0,0.31448545101657555,0.31448545101657555,0.31448545101657555,0.31448545101657555,0.0,0.0,0.0,0.0,0.0,0.0,0.0,0.0,0.0,0.0,0.0,0.0,0.0,0.0,0.0,0.0,0.0,0.0,0.0,0.0,0.0,0.31448545101657555,0.8950412845779242,0.7442084075352509,0.9273288940232353,0.9774995507264757,0.9434563530497265,0.9434563530497265,0.9434563530497265,0.31448545101657555,0.9784785488358021,0.9434563530497265,0.2983470948593081,0.22237479499833038,0.4754573110501964,0.5966941897186162,0.9434563530497265,0.9594482776388075,0.9434563530497265,0.31448545101657555,0.7867957924694432,0.31448545101657555],[0.9185586535436918,0.9494431566409377,0.9690502561529674,0.9185586535436918,0.9185586535436918,0.10206207261596577,0.9185586535436918,0.9536398315124262,0.9392933581041744,0.9185586535436918,0.9081242846175059,0.9185586535436918,0.9408131112738743,0.9185586535436918,0.10206207261596577,0.9933992677987827,0.9185586535436918,0.9736101204623271,1.0000000000000002,0.9185586535436918,0.31950482521134693,0.9728869456463115,0.9472044455566303,0.9697651491183032,0.9185586535436918,0.9684959969581862,0.31950482521134693,0.3061862178478973,0.3061862178478973,0.3061862178478973,0.9185586535436918,0.9688220019325385,0.9185586535436918,0.9185586535436918,0.19364916731037085,0.10206207261596577,0.9714318483167037,0.2886751345948129,0.3217979514674192,0.10206207261596577,0.3061862178478973,0.7960841664045331,0.3061862178478973,0.3061862178478973,0.3061862178478973,0.3061862178478973,0.3061862178478973,0.3061862178478973,0.3061862178478973,0.3061862178478973,0.3061862178478973,0.3061862178478973,0.0,0.3061862178478973,0.3061862178478973,0.3061862178478973,0.3061862178478973,0.0,0.0,0.0,0.0,0.0,0.0,0.0,0.0,0.0,0.0,0.0,0.0,0.0,0.0,0.0,0.0,0.0,0.0,0.0,0.0,0.0,0.3061862178478973,0.9359709753334592,0.7590721152765898,0.9656642255202914,0.9636745679803937,0.9185586535436918,0.9185586535436918,0.9185586535436918,0.3061862178478973,0.9616865383497125,0.9185586535436918,0.4841229182759271,0.2886751345948129,0.5400617248673217,0.5809475019311126,0.9185586535436918,0.9341285531692914,0.9185586535436918,0.3061862178478973,0.7660323462854266,0.3061862178478973],[1.0,0.9922778767136676,0.9760921603577252,1.0,1.0,0.0,1.0,0.9917919268465731,0.9615239476408232,1.0,0.8751899489873673,1.0,0.9965457582448796,1.0,0.0,0.9192547197409877,1.0,0.9434563530497265,0.9185586535436918,1.0,0.0,0.9299811099505542,0.9667364890456637,0.8778762251403479,1.0,0.9704949588309457,0.0,0.0,0.0,0.0,1.0,0.9819805060619659,1.0,1.0,0.0,0.0,0.9670745372626464,0.0,0.0,0.0,0.0,0.6000000000000001,0.0,0.0,0.0,0.0,0.0,0.0,0.0,0.0,0.0,0.0,0.0,0.0,0.0,0.0,0.0,0.0,0.0,0.0,0.0,0.0,0.0,0.0,0.0,0.0,0.0,0.0,0.0,0.0,0.0,0.0,0.0,0.0,0.0,0.0,0.0,0.0,0.0,0.9486832980505138,0.50709255283711,0.923076923076923,0.9676628819679067,1.0,1.0,1.0,0.0,0.9732227014483795,1.0,0.31622776601683794,0.0,0.3779644730092272,0.31622776601683794,1.0,0.8320502943378436,1.0,0.0,0.5773502691896257,0.0],[0.0,0.11094003924504582,0.15873515802650898,0.0,0.0,0.4472135954999579,0.0,0.07003307898835061,0.0,0.0,0.06523280730534423,0.0,0.07427813527082074,0.0,0.4472135954999579,0.31437304171433844,0.0,0.32816506165694687,0.31950482521134693,0.0,1.0,0.36391267143702544,0.12970131035013507,0.4156921938165306,0.0,0.2411214110852061,1.0,0.8944271909999159,0.8944271909999159,0.8944271909999159,0.0,0.14638501094227999,0.0,0.0,0.7071067811865475,0.4472135954999579,0.13657543608179562,0.9486832980505138,0.9761870601839525,0.4472135954999579,0.8944271909999159,0.7155417527999327,0.8944271909999159,0.8944271909999159,0.8944271909999159,0.8944271909999159,0.8944271909999159,0.8944271909999159,0.8944271909999159,0.8944271909999159,0.8944271909999159,0.8944271909999159,0.0,0.8944271909999159,0.8944271909999159,0.8944271909999159,0.8944271909999159,0.0,0.0,0.0,0.0,0.0,0.0,0.0,0.0,0.0,0.0,0.0,0.0,0.0,0.0,0.0,0.0,0.0,0.0,0.0,0.0,0.0,0.8944271909999159,0.0,0.7559289460184544,0.17200522903844534,0.19670545303487227,0.0,0.0,0.0,0.8944271909999159,0.17805208235600942,0.0,0.0,0.6324555320336758,0.3380617018914066,0.848528137423857,0.0,0.49613893835683376,0.0,0.8944271909999159,0.7745966692414834,0.8944271909999159],[0.9299811099505542,0.9660559162201913,0.9696391300696602,0.9299811099505542,0.9299811099505542,0.11624763874381927,0.9299811099505542,0.9466200663626902,0.8941991080710513,0.9299811099505542,0.8308665810138584,0.9299811099505542,0.9557302531931239,0.9299811099505542,0.11624763874381927,0.9743226199394225,0.9299811099505542,0.9992572233989596,0.9728869456463115,0.9299811099505542,0.36391267143702544,1.0,0.9439990067680075,0.9784893670558927,0.9299811099505542,0.9902891158637029,0.36391267143702544,0.34874291623145787,0.34874291623145787,0.34874291623145787,0.9299811099505542,0.9639579499204981,0.9299811099505542,0.9299811099505542,0.22056438662814232,0.11624763874381927,0.9466958437562468,0.3287979746107145,0.3665245183824906,0.11624763874381927,0.34874291623145787,0.836982998955499,0.34874291623145787,0.34874291623145787,0.34874291623145787,0.34874291623145787,0.34874291623145787,0.34874291623145787,0.34874291623145787,0.34874291623145787,0.34874291623145787,0.34874291623145787,0.0,0.34874291623145787,0.34874291623145787,0.34874291623145787,0.34874291623145787,0.0,0.0,0.0,0.0,0.0,0.0,0.0,0.0,0.0,0.0,0.0,0.0,0.0,0.0,0.0,0.0,0.0,0.0,0.0,0.0,0.0,0.34874291623145787,0.8822575465125693,0.7663280545945629,0.9210389838933374,0.9714918079306167,0.9299811099505542,0.9299811099505542,0.9299811099505542,0.34874291623145787,0.9719311341765098,0.9299811099505542,0.2940858488375231,0.2465984809580359,0.4833122526801215,0.6249324287797365,0.9299811099505542,0.9672388203287415,0.9299811099505542,0.34874291623145787,0.8053872662568292,0.34874291623145787],[0.9667364890456637,0.9712621210755051,0.9865159039114615,0.9667364890456637,0.9667364890456637,0.09667364890456637,0.9667364890456637,0.9789867388071422,0.9560985791406337,0.9667364890456637,0.9306858643853111,0.9667364890456637,0.9714254570614953,0.9667364890456637,0.09667364890456637,0.9461797149087736,0.9667364890456637,0.9526102904180127,0.9472044455566303,0.9667364890456637,0.12970131035013507,0.9439990067680075,1.0000000000000002,0.9135736546277518,0.9667364890456637,0.9694866521079691,0.12970131035013507,0.09667364890456637,0.09667364890456637,0.09667364890456637,0.9667364890456637,0.9809602662996831,0.9667364890456637,0.9667364890456637,0.12228356810314861,0.09667364890456637,0.9841118345250006,0.13671718540493266,0.11723401930806003,0.09667364890456637,0.09667364890456637,0.6573808125510513,0.09667364890456637,0.09667364890456637,0.09667364890456637,0.09667364890456637,0.09667364890456637,0.09667364890456637,0.09667364890456637,0.09667364890456637,0.09667364890456637,0.09667364890456637,0.0,0.09667364890456637,0.09667364890456637,0.09667364890456637,0.09667364890456637,0.0,0.0,0.0,0.0,0.0,0.0,0.0,0.0,0.0,0.0,0.0,0.0,0.0,0.0,0.0,0.0,0.0,0.0,0.0,0.0,0.0,0.09667364890456637,0.9476976527994019,0.5882698489811404,0.974172923576784,0.9950052454539556,0.9667364890456637,0.9667364890456637,0.9667364890456637,0.09667364890456637,0.9921689827736193,0.9667364890456637,0.397421596335233,0.06835859270246633,0.5846272761934957,0.397421596335233,0.9667364890456637,0.8579982722747498,0.9667364890456637,0.09667364890456637,0.6697746866231372,0.09667364890456637],[0.8778762251403479,0.9287432920695053,0.953116176651213,0.8778762251403479,0.8778762251403479,0.0,0.8778762251403479,0.9057130209366973,0.8724720896222479,0.8778762251403479,0.8210354990986334,0.8778762251403479,0.9134398796818013,0.8778762251403479,0.0,0.9801181454025675,0.8778762251403479,0.9743975315293804,0.9697651491183032,0.8778762251403479,0.4156921938165306,0.9784893670558927,0.9135736546277518,1.0000000000000002,0.8778762251403479,0.9522067393263947,0.4156921938165306,0.4647580015448901,0.4647580015448901,0.4647580015448901,0.8778762251403479,0.9240353185031782,0.8778762251403479,0.8778762251403479,0.14696938456699069,0.0,0.9199384225093444,0.3286335345030997,0.45088148958130764,0.0,0.4647580015448901,0.898532136320121,0.4647580015448901,0.4647580015448901,0.4647580015448901,0.4647580015448901,0.4647580015448901,0.4647580015448901,0.4647580015448901,0.4647580015448901,0.4647580015448901,0.4647580015448901,0.0,0.4647580015448901,0.4647580015448901,0.4647580015448901,0.4647580015448901,0.0,0.0,0.0,0.0,0.0,0.0,0.0,0.0,0.0,0.0,0.0,0.0,0.0,0.0,0.0,0.0,0.0,0.0,0.0,0.0,0.0,0.4647580015448901,0.8654863757833895,0.8554141297250902,0.9215714218667905,0.9448853128894468,0.8778762251403479,0.8778762251403479,0.8778762251403479,0.4647580015448901,0.9480298519194758,0.8778762251403479,0.37558842722675395,0.3286335345030997,0.5855400437691199,0.7185169912163989,0.8778762251403479,0.9882385261744174,0.8778762251403479,0.4647580015448901,0.7751702321999272,0.4647580015448901],[1.0,0.9922778767136676,0.9760921603577252,1.0,1.0,0.0,1.0,0.9917919268465731,0.9615239476408232,1.0,0.8751899489873673,1.0,0.9965457582448796,1.0,0.0,0.9192547197409877,1.0,0.9434563530497265,0.9185586535436918,1.0,0.0,0.9299811099505542,0.9667364890456637,0.8778762251403479,1.0,0.9704949588309457,0.0,0.0,0.0,0.0,1.0,0.9819805060619659,1.0,1.0,0.0,0.0,0.9670745372626464,0.0,0.0,0.0,0.0,0.6000000000000001,0.0,0.0,0.0,0.0,0.0,0.0,0.0,0.0,0.0,0.0,0.0,0.0,0.0,0.0,0.0,0.0,0.0,0.0,0.0,0.0,0.0,0.0,0.0,0.0,0.0,0.0,0.0,0.0,0.0,0.0,0.0,0.0,0.0,0.0,0.0,0.0,0.0,0.9486832980505138,0.50709255283711,0.923076923076923,0.9676628819679067,1.0,1.0,1.0,0.0,0.9732227014483795,1.0,0.31622776601683794,0.0,0.3779644730092272,0.31622776601683794,1.0,0.8320502943378436,1.0,0.0,0.5773502691896257,0.0],[0.9704949588309457,0.9897506959187027,0.9855669662737643,0.9704949588309457,0.9704949588309457,0.10783277320343841,0.9704949588309457,0.9794155400421423,0.9331541439806493,0.9704949588309457,0.8650964600582666,0.9704949588309457,0.9850526834102961,0.9704949588309457,0.10783277320343841,0.9679341428154921,0.9704949588309457,0.994747257247375,0.9684959969581862,0.9704949588309457,0.2411214110852061,0.9902891158637029,0.9694866521079691,0.9522067393263947,0.9704949588309457,1.0,0.2411214110852061,0.21566554640687682,0.21566554640687682,0.21566554640687682,0.9704949588309457,0.9883036912035245,0.9704949588309457,0.9704949588309457,0.17049858486761835,0.10783277320343841,0.9714722250947877,0.228747855498907,0.2353796014346736,0.10783277320343841,0.21566554640687682,0.754829412424069,0.21566554640687682,0.21566554640687682,0.21566554640687682,0.21566554640687682,0.21566554640687682,0.21566554640687682,0.21566554640687682,0.21566554640687682,0.21566554640687682,0.21566554640687682,0.0,0.21566554640687682,0.21566554640687682,0.21566554640687682,0.21566554640687682,0.0,0.0,0.0,0.0,0.0,0.0,0.0,0.0,0.0,0.0,0.0,0.0,0.0,0.0,0.0,0.0,0.0,0.0,0.0,0.0,0.0,0.21566554640687682,0.9206923582851392,0.6744014203332525,0.9373156439991185,0.9865418452016009,0.9704949588309457,0.9704949588309457,0.9704949588309457,0.21566554640687682,0.9874398949198271,0.9704949588309457,0.30689745276171304,0.15249857033260467,0.4483265302665724,0.5114957546028551,0.9704949588309457,0.9271303370595976,0.9704949588309457,0.21566554640687682,0.7470873676376286,0.21566554640687682],[0.0,0.11094003924504582,0.15873515802650898,0.0,0.0,0.4472135954999579,0.0,0.07003307898835061,0.0,0.0,0.06523280730534423,0.0,0.07427813527082074,0.0,0.4472135954999579,0.31437304171433844,0.0,0.32816506165694687,0.31950482521134693,0.0,1.0,0.36391267143702544,0.12970131035013507,0.4156921938165306,0.0,0.2411214110852061,1.0,0.8944271909999159,0.8944271909999159,0.8944271909999159,0.0,0.14638501094227999,0.0,0.0,0.7071067811865475,0.4472135954999579,0.13657543608179562,0.9486832980505138,0.9761870601839525,0.4472135954999579,0.8944271909999159,0.7155417527999327,0.8944271909999159,0.8944271909999159,0.8944271909999159,0.8944271909999159,0.8944271909999159,0.8944271909999159,0.8944271909999159,0.8944271909999159,0.8944271909999159,0.8944271909999159,0.0,0.8944271909999159,0.8944271909999159,0.8944271909999159,0.8944271909999159,0.0,0.0,0.0,0.0,0.0,0.0,0.0,0.0,0.0,0.0,0.0,0.0,0.0,0.0,0.0,0.0,0.0,0.0,0.0,0.0,0.0,0.8944271909999159,0.0,0.7559289460184544,0.17200522903844534,0.19670545303487227,0.0,0.0,0.0,0.8944271909999159,0.17805208235600942,0.0,0.0,0.6324555320336758,0.3380617018914066,0.848528137423857,0.0,0.49613893835683376,0.0,0.8944271909999159,0.7745966692414834,0.8944271909999159],[0.0,0.12403473458920845,0.17747130188322277,0.0,0.0,0.0,0.0,0.052199575097188054,0.0,0.0,0.0,0.0,0.08304547985373996,0.0,0.0,0.3244428422615251,0.0,0.31448545101657555,0.3061862178478973,0.0,0.8944271909999159,0.34874291623145787,0.09667364890456637,0.4647580015448901,0.0,0.21566554640687682,0.8944271909999159,1.0,1.0,1.0,0.0,0.1091089451179962,0.0,0.0,0.31622776601683794,0.0,0.1017973197118575,0.7071067811865475,0.9701425001453318,0.0,1.0,0.8,1.0,1.0,1.0,1.0,1.0,1.0,1.0,1.0,1.0,1.0,0.0,1.0,1.0,1.0,1.0,0.0,0.0,0.0,0.0,0.0,0.0,0.0,0.0,0.0,0.0,0.0,0.0,0.0,0.0,0.0,0.0,0.0,0.0,0.0,0.0,0.0,1.0,0.0,0.8451542547285167,0.15384615384615383,0.1759387058123467,0.0,0.0,0.0,1.0,0.17694958208152353,0.0,0.0,0.7071067811865475,0.3779644730092272,0.9486832980505138,0.0,0.5547001962252291,0.0,1.0,0.5773502691896257,1.0],[0.0,0.12403473458920845,0.17747130188322277,0.0,0.0,0.0,0.0,0.052199575097188054,0.0,0.0,0.0,0.0,0.08304547985373996,0.0,0.0,0.3244428422615251,0.0,0.31448545101657555,0.3061862178478973,0.0,0.8944271909999159,0.34874291623145787,0.09667364890456637,0.4647580015448901,0.0,0.21566554640687682,0.8944271909999159,1.0,1.0,1.0,0.0,0.1091089451179962,0.0,0.0,0.31622776601683794,0.0,0.1017973197118575,0.7071067811865475,0.9701425001453318,0.0,1.0,0.8,1.0,1.0,1.0,1.0,1.0,1.0,1.0,1.0,1.0,1.0,0.0,1.0,1.0,1.0,1.0,0.0,0.0,0.0,0.0,0.0,0.0,0.0,0.0,0.0,0.0,0.0,0.0,0.0,0.0,0.0,0.0,0.0,0.0,0.0,0.0,0.0,1.0,0.0,0.8451542547285167,0.15384615384615383,0.1759387058123467,0.0,0.0,0.0,1.0,0.17694958208152353,0.0,0.0,0.7071067811865475,0.3779644730092272,0.9486832980505138,0.0,0.5547001962252291,0.0,1.0,0.5773502691896257,1.0],[0.0,0.12403473458920845,0.17747130188322277,0.0,0.0,0.0,0.0,0.052199575097188054,0.0,0.0,0.0,0.0,0.08304547985373996,0.0,0.0,0.3244428422615251,0.0,0.31448545101657555,0.3061862178478973,0.0,0.8944271909999159,0.34874291623145787,0.09667364890456637,0.4647580015448901,0.0,0.21566554640687682,0.8944271909999159,1.0,1.0,1.0,0.0,0.1091089451179962,0.0,0.0,0.31622776601683794,0.0,0.1017973197118575,0.7071067811865475,0.9701425001453318,0.0,1.0,0.8,1.0,1.0,1.0,1.0,1.0,1.0,1.0,1.0,1.0,1.0,0.0,1.0,1.0,1.0,1.0,0.0,0.0,0.0,0.0,0.0,0.0,0.0,0.0,0.0,0.0,0.0,0.0,0.0,0.0,0.0,0.0,0.0,0.0,0.0,0.0,0.0,1.0,0.0,0.8451542547285167,0.15384615384615383,0.1759387058123467,0.0,0.0,0.0,1.0,0.17694958208152353,0.0,0.0,0.7071067811865475,0.3779644730092272,0.9486832980505138,0.0,0.5547001962252291,0.0,1.0,0.5773502691896257,1.0],[1.0,0.9922778767136676,0.9760921603577252,1.0,1.0,0.0,1.0,0.9917919268465731,0.9615239476408232,1.0,0.8751899489873673,1.0,0.9965457582448796,1.0,0.0,0.9192547197409877,1.0,0.9434563530497265,0.9185586535436918,1.0,0.0,0.9299811099505542,0.9667364890456637,0.8778762251403479,1.0,0.9704949588309457,0.0,0.0,0.0,0.0,1.0,0.9819805060619659,1.0,1.0,0.0,0.0,0.9670745372626464,0.0,0.0,0.0,0.0,0.6000000000000001,0.0,0.0,0.0,0.0,0.0,0.0,0.0,0.0,0.0,0.0,0.0,0.0,0.0,0.0,0.0,0.0,0.0,0.0,0.0,0.0,0.0,0.0,0.0,0.0,0.0,0.0,0.0,0.0,0.0,0.0,0.0,0.0,0.0,0.0,0.0,0.0,0.0,0.9486832980505138,0.50709255283711,0.923076923076923,0.9676628819679067,1.0,1.0,1.0,0.0,0.9732227014483795,1.0,0.31622776601683794,0.0,0.3779644730092272,0.31622776601683794,1.0,0.8320502943378436,1.0,0.0,0.5773502691896257,0.0],[0.9819805060619659,0.9879308305783994,0.9875490333969902,0.9819805060619659,0.9819805060619659,0.1091089451179962,0.9819805060619659,0.9967021005308173,0.9741723051615439,0.9819805060619659,0.923080170414884,0.9819805060619659,0.9876495126988716,0.9819805