{"classNames":["net.sourceforge.cobertura.ant.AntUtil","net.sourceforge.cobertura.ant.CheckTask","net.sourceforge.cobertura.ant.CommonMatchingTask","net.sourceforge.cobertura.ant.ExcludeClasses","net.sourceforge.cobertura.ant.Ignore","net.sourceforge.cobertura.ant.IgnoreBranches","net.sourceforge.cobertura.ant.IncludeClasses","net.sourceforge.cobertura.ant.InstrumentTask","net.sourceforge.cobertura.ant.MergeTask","net.sourceforge.cobertura.ant.Regex","net.sourceforge.cobertura.ant.ReportTask","net.sourceforge.cobertura.check.CoverageRate","net.sourceforge.cobertura.check.Main","net.sourceforge.cobertura.check.PackageCoverage","net.sourceforge.cobertura.coveragedata.BranchCoverageData","net.sourceforge.cobertura.coveragedata.ClassData","net.sourceforge.cobertura.coveragedata.CoverageData","net.sourceforge.cobertura.coveragedata.CoverageDataContainer","net.sourceforge.cobertura.coveragedata.CoverageDataFileHandler","net.sourceforge.cobertura.coveragedata.HasBeenInstrumented","net.sourceforge.cobertura.coveragedata.JumpData","net.sourceforge.cobertura.coveragedata.LineData","net.sourceforge.cobertura.coveragedata.PackageData","net.sourceforge.cobertura.coveragedata.ProjectData","net.sourceforge.cobertura.coveragedata.SaveTimer","net.sourceforge.cobertura.coveragedata.SourceFileData","net.sourceforge.cobertura.coveragedata.SwitchData","net.sourceforge.cobertura.coveragedata.TouchCollector","net.sourceforge.cobertura.coveragedata.countermaps.AtomicCounterMap","net.sourceforge.cobertura.coveragedata.countermaps.CounterMap","net.sourceforge.cobertura.instrument.Archive","net.sourceforge.cobertura.instrument.ClassInstrumenter","net.sourceforge.cobertura.instrument.ClassPattern","net.sourceforge.cobertura.instrument.CoberturaFile","net.sourceforge.cobertura.instrument.FirstPassMethodInstrumenter","net.sourceforge.cobertura.instrument.JumpHolder","net.sourceforge.cobertura.instrument.Main","net.sourceforge.cobertura.instrument.NewLocalVariableMethodAdapter","net.sourceforge.cobertura.instrument.SecondPassMethodInstrumenter","net.sourceforge.cobertura.instrument.SwitchHolder","net.sourceforge.cobertura.javancss.FunctionMetric","net.sourceforge.cobertura.javancss.Javancss","net.sourceforge.cobertura.javancss.Metric","net.sourceforge.cobertura.javancss.ObjectMetric","net.sourceforge.cobertura.javancss.PackageMetric","net.sourceforge.cobertura.javancss.ccl.Exitable","net.sourceforge.cobertura.javancss.ccl.FileUtil","net.sourceforge.cobertura.javancss.ccl.Init","net.sourceforge.cobertura.javancss.ccl.Util","net.sourceforge.cobertura.javancss.parser.JavaCharStream","net.sourceforge.cobertura.javancss.parser.JavaParser","net.sourceforge.cobertura.javancss.parser.JavaParserConstants","net.sourceforge.cobertura.javancss.parser.JavaParserInterface","net.sourceforge.cobertura.javancss.parser.JavaParserTokenManager","net.sourceforge.cobertura.javancss.parser.ParseException","net.sourceforge.cobertura.javancss.parser.Token","net.sourceforge.cobertura.javancss.parser.TokenMgrError","net.sourceforge.cobertura.javancss.parser.debug.JavaCharStream","net.sourceforge.cobertura.javancss.parser.debug.JavaParserDebug","net.sourceforge.cobertura.javancss.parser.debug.JavaParserDebugConstants","net.sourceforge.cobertura.javancss.parser.debug.JavaParserDebugTokenManager","net.sourceforge.cobertura.javancss.parser.debug.ParseException","net.sourceforge.cobertura.javancss.parser.debug.Token","net.sourceforge.cobertura.javancss.parser.debug.TokenMgrError","net.sourceforge.cobertura.javancss.parser.java15.JavaCharStream","net.sourceforge.cobertura.javancss.parser.java15.JavaParser15","net.sourceforge.cobertura.javancss.parser.java15.JavaParser15Constants","net.sourceforge.cobertura.javancss.parser.java15.JavaParser15TokenManager","net.sourceforge.cobertura.javancss.parser.java15.ParseException","net.sourceforge.cobertura.javancss.parser.java15.Token","net.sourceforge.cobertura.javancss.parser.java15.TokenMgrError","net.sourceforge.cobertura.javancss.parser.java15.debug.JavaCharStream","net.sourceforge.cobertura.javancss.parser.java15.debug.JavaParser15Debug","net.sourceforge.cobertura.javancss.parser.java15.debug.JavaParser15DebugConstants","net.sourceforge.cobertura.javancss.parser.java15.debug.JavaParser15DebugTokenManager","net.sourceforge.cobertura.javancss.parser.java15.debug.ParseException","net.sourceforge.cobertura.javancss.parser.java15.debug.Token","net.sourceforge.cobertura.javancss.parser.java15.debug.TokenMgrError","net.sourceforge.cobertura.javancss.test.JavancssTest","net.sourceforge.cobertura.merge.Main","net.sourceforge.cobertura.reporting.ComplexityCalculator","net.sourceforge.cobertura.reporting.Main","net.sourceforge.cobertura.reporting.html.HTMLReport","net.sourceforge.cobertura.reporting.html.JavaToHtml","net.sourceforge.cobertura.reporting.html.SourceFileDataBaseNameComparator","net.sourceforge.cobertura.reporting.html.files.CopyFiles","net.sourceforge.cobertura.reporting.xml.SummaryXMLReport","net.sourceforge.cobertura.reporting.xml.XMLReport","net.sourceforge.cobertura.util.ArchiveUtil","net.sourceforge.cobertura.util.CommandLineBuilder","net.sourceforge.cobertura.util.ConfigurationUtil","net.sourceforge.cobertura.util.FileFinder","net.sourceforge.cobertura.util.FileLocker","net.sourceforge.cobertura.util.Header","net.sourceforge.cobertura.util.IOUtil","net.sourceforge.cobertura.util.RegexUtil","net.sourceforge.cobertura.util.Source","net.sourceforge.cobertura.util.StringUtil","net.sourceforge.cobertura.webapp.FlushCoberturaServlet"],"values":[[0.9999999999999998,0.7160390103945312,0.5734054188086001,0.7071067811865475,0.7071067811865475,0.7071067811865475,0.7071067811865475,0.37300192329612547,0.7559289460184544,0.6859943405700353,0.7378647873726217,0.0,0.4703604341917986,0.0,0.0,0.27746089781000177,0.0,0.03210806495339678,0.36273812505500586,0.0,0.0,0.253345288454809,0.5062895554167106,0.2780055147763381,0.0,0.4343722427630693,0.0,0.4221585268381751,0.0,0.0,0.0,0.5270462766947298,0.44172610429938614,0.6974858324629157,0.3649002245998808,0.0,0.3195048252113468,0.3015113445777636,0.43994134506405985,0.0,0.0,0.2928938408885664,0.6565321642986127,0.0,0.0,0.0,0.5999999999999999,0.0,0.5518254055364691,0.3120188603766914,0.38413666267326796,0.0,0.17677669529663687,0.11713032141645453,0.6154574548966636,0.6933752452815365,0.6454972243679028,0.3120188603766914,0.6612155629566979,0.0,0.11713032141645453,0.6154574548966636,0.6933752452815365,0.6454972243679028,0.3120188603766914,0.5353033790313108,0.0,0.16724840200141816,0.6154574548966636,0.7071067811865475,0.6454972243679028,0.3120188603766914,0.7018707043714199,0.0,0.16724840200141816,0.6154574548966636,0.7071067811865475,0.6454972243679028,0.0,0.39223227027636803,0.45749571099781394,0.4445004445006667,0.45667337727754304,0.4866642633922875,0.4999999999999999,0.3779644730092272,0.4629100498862757,0.5307319598962932,0.7071067811865475,0.40291148201269006,0.5252257314388902,0.343203236491822,0.2966954145484633,0.5345224838248487,0.22742941307367098,0.3086066999241838,0.24618298195866545,0.5773502691896258,0.1414213562373095],[0.7160390103945312,1.0,0.6546320831440166,0.9205746178983234,0.9205746178983234,0.9205746178983234,0.9205746178983234,0.5280977667909696,0.8119119216534527,0.893088561378213,0.8645563180722492,0.0,0.7409521236203627,0.0,0.0,0.48871390522932534,0.0,0.1588443323794028,0.5478039850767905,0.0,0.03839061540937688,0.39579296647265133,0.7396935413252635,0.46017113345287675,0.0,0.6616402561737781,0.08012573580802616,0.7053246055025802,0.12755856082865613,0.17466675292187456,0.0,0.7684945049531103,0.5750784047053891,0.9080492095290037,0.5293521575529555,0.0,0.48132497214829745,0.39253433598942983,0.6252573736518394,0.0,0.0,0.46637794602657173,0.9231106409343331,0.0,0.0,0.0,0.8332090302772728,0.0,0.8062218231591984,0.4242679099960449,0.6380106218758302,0.0,0.276172385369497,0.16265673587244892,0.8012573580802617,0.9388055880763546,0.8403658068160179,0.4242679099960449,0.9204252180785983,0.0,0.16265673587244892,0.8012573580802617,0.9388055880763546,0.8403658068160179,0.4242679099960449,0.7516625112876195,0.0,0.22862581685840055,0.8012573580802617,0.9205746178983234,0.8403658068160179,0.4242679099960449,0.9276469454776112,0.0,0.22862581685840055,0.8012573580802617,0.9205746178983234,0.8403658068160179,0.0,0.6383036514852067,0.7048036093195703,0.6530933250289546,0.6688553586941053,0.6758217649528186,0.7811334658849431,0.4920678313051229,0.6026575527677309,0.8088228094377484,0.9205746178983234,0.5455279134749801,0.7008803014501418,0.6574527610297629,0.4944185972872772,0.730683450671182,0.3158270678727379,0.5022146273064424,0.4166538262017361,0.751646028002829,0.2393494006535641],[0.5734054188086001,0.6546320831440166,0.9999999999999998,0.6237828615518053,0.6237828615518053,0.6237828615518053,0.6237828615518053,0.715679815070402,0.6501806308218834,0.6051582648536777,0.6788128290595327,0.0,0.5228170760246409,0.0,0.0,0.34699110712337355,0.0,0.13312524712178495,0.4991904156360288,0.0,0.06503385893766005,0.3998016984268047,0.5458804991766716,0.346847846033214,0.0,0.49047906024445775,0.10315732544606206,0.49034284522912747,0.09363671278853054,0.1775317147093061,0.0,0.5672271585291985,0.38967406436073987,0.6358054785728391,0.3770842378246999,0.0,0.422782611026956,0.2659819058663949,0.4269095789837596,0.0,0.0,0.5187472774651458,0.648667988779505,0.0,0.0,0.0,0.6351567716033724,0.0,0.5517061048312513,0.33641818092568676,0.579161066583242,0.0,0.3898642884698783,0.22732146802365188,0.5863679551670896,0.6483695850567781,0.6149878996626823,0.33641818092568676,0.684458974341383,0.0,0.22732146802365188,0.5863679551670896,0.6483695850567781,0.6149878996626823,0.33641818092568676,0.6307568735325397,0.0,0.2729493984464319,0.5863679551670896,0.6237828615518053,0.6149878996626823,0.33641818092568676,0.6493789856782043,0.0,0.2729493984464319,0.5863679551670896,0.6237828615518053,0.6149878996626823,0.0,0.4844174659866099,0.5851988517897965,0.5265631334662482,0.5881755756439823,0.5294907309475098,0.5734054188086001,0.5001389467860641,0.4900340880475383,0.6224195065440196,0.6237828615518053,0.5189325777630297,0.5560011332395758,0.506043245718155,0.4292428982121764,0.5186890731849548,0.29425678695013885,0.39474968203829475,0.3800533042749655,0.5093165736983621,0.24951314462072213],[0.7071067811865475,0.9205746178983234,0.6237828615518053,1.0,1.0,1.0,1.0,0.4615663313770509,0.8017837257372732,0.9701425001453319,0.8944271909999159,0.0,0.6651901052377394,0.0,0.0,0.3923889647111199,0.0,0.045407660918649985,0.5129891760425771,0.0,0.0,0.3582843428961148,0.716001555758157,0.39315916941121126,0.0,0.6142951168339512,0.0,0.5970223141259935,0.0,0.0,0.0,0.7453559924999299,0.6246950475544243,0.9863939238321437,0.51604684654214,0.0,0.45184805705753195,0.42640143271122083,0.6221710168382552,0.0,0.0,0.414214442120158,0.9284766908852594,0.0,0.0,0.0,0.848528137423857,0.0,0.780398972571708,0.44126130406091413,0.5432512781572743,0.0,0.25,0.1656472891122698,0.8703882797784892,0.9805806756909202,0.9128709291752769,0.44126130406091413,0.9351000167855233,0.0,0.1656472891122698,0.8703882797784892,0.9805806756909202,0.9128709291752769,0.44126130406091413,0.7570332986102252,0.0,0.23652495839563303,0.8703882797784892,1.0,0.9128709291752769,0.44126130406091413,0.9925950691544193,0.0,0.23652495839563303,0.8703882797784892,1.0,0.9128709291752769,0.0,0.5547001962252291,0.6469966392206304,0.6286185570937122,0.6458336837206266,0.6882472016116852,0.7071067811865475,0.5345224838248488,0.6546536707079772,0.7505683356701914,1.0,0.5698028822981898,0.7427813527082074,0.48536267169707553,0.4195906791483446,0.7559289460184544,0.3216337604513384,0.4364357804719848,0.3481553119113957,0.8164965809277261,0.2],[0.7071067811865475,0.9205746178983234,0.6237828615518053,1.0,1.0,1.0,1.0,0.4615663313770509,0.8017837257372732,0.9701425001453319,0.8944271909999159,0.0,0.6651901052377394,0.0,0.0,0.3923889647111199,0.0,0.045407660918649985,0.5129891760425771,0.0,0.0,0.3582843428961148,0.716001555758157,0.39315916941121126,0.0,0.6142951168339512,0.0,0.5970223141259935,0.0,0.0,0.0,0.7453559924999299,0.6246950475544243,0.9863939238321437,0.51604684654214,0.0,0.45184805705753195,0.42640143271122083,0.6221710168382552,0.0,0.0,0.414214442120158,0.9284766908852594,0.0,0.0,0.0,0.848528137423857,0.0,0.780398972571708,0.44126130406091413,0.5432512781572743,0.0,0.25,0.1656472891122698,0.8703882797784892,0.9805806756909202,0.9128709291752769,0.44126130406091413,0.9351000167855233,0.0,0.1656472891122698,0.8703882797784892,0.9805806756909202,0.9128709291752769,0.44126130406091413,0.7570332986102252,0.0,0.23652495839563303,0.8703882797784892,1.0,0.9128709291752769,0.44126130406091413,0.9925950691544193,0.0,0.23652495839563303,0.8703882797784892,1.0,0.9128709291752769,0.0,0.5547001962252291,0.6469966392206304,0.6286185570937122,0.6458336837206266,0.6882472016116852,0.7071067811865475,0.5345224838248488,0.6546536707079772,0.7505683356701914,1.0,0.5698028822981898,0.7427813527082074,0.48536267169707553,0.4195906791483446,0.7559289460184544,0.3216337604513384,0.4364357804719848,0.3481553119113957,0.8164965809277261,0.2],[0.7071067811865475,0.9205746178983234,0.6237828615518053,1.0,1.0,1.0,1.0,0.4615663313770509,0.8017837257372732,0.9701425001453319,0.8944271909999159,0.0,0.6651901052377394,0.0,0.0,0.3923889647111199,0.0,0.045407660918649985,0.5129891760425771,0.0,0.0,0.3582843428961148,0.716001555758157,0.39315916941121126,0.0,0.6142951168339512,0.0,0.5970223141259935,0.0,0.0,0.0,0.7453559924999299,0.6246950475544243,0.9863939238321437,0.51604684654214,0.0,0.45184805705753195,0.42640143271122083,0.6221710168382552,0.0,0.0,0.414214442120158,0.9284766908852594,0.0,0.0,0.0,0.848528137423857,0.0,0.780398972571708,0.44126130406091413,0.5432512781572743,0.0,0.25,0.1656472891122698,0.8703882797784892,0.9805806756909202,0.9128709291752769,0.44126130406091413,0.9351000167855233,0.0,0.1656472891122698,0.8703882797784892,0.9805806756909202,0.9128709291752769,0.44126130406091413,0.7570332986102252,0.0,0.23652495839563303,0.8703882797784892,1.0,0.9128709291752769,0.44126130406091413,0.9925950691544193,0.0,0.23652495839563303,0.8703882797784892,1.0,0.9128709291752769,0.0,0.5547001962252291,0.6469966392206304,0.6286185570937122,0.6458336837206266,0.6882472016116852,0.7071067811865475,0.5345224838248488,0.6546536707079772,0.7505683356701914,1.0,0.5698028822981898,0.7427813527082074,0.48536267169707553,0.4195906791483446,0.7559289460184544,0.3216337604513384,0.4364357804719848,0.3481553119113957,0.8164965809277261,0.2],[0.7071067811865475,0.9205746178983234,0.6237828615518053,1.0,1.0,1.0,1.0,0.4615663313770509,0.8017837257372732,0.9701425001453319,0.8944271909999159,0.0,0.6651901052377394,0.0,0.0,0.3923889647111199,0.0,0.045407660918649985,0.5129891760425771,0.0,0.0,0.3582843428961148,0.716001555758157,0.39315916941121126,0.0,0.6142951168339512,0.0,0.5970223141259935,0.0,0.0,0.0,0.7453559924999299,0.6246950475544243,0.9863939238321437,0.51604684654214,0.0,0.45184805705753195,0.42640143271122083,0.6221710168382552,0.0,0.0,0.414214442120158,0.9284766908852594,0.0,0.0,0.0,0.848528137423857,0.0,0.780398972571708,0.44126130406091413,0.5432512781572743,0.0,0.25,0.1656472891122698,0.8703882797784892,0.9805806756909202,0.9128709291752769,0.44126130406091413,0.9351000167855233,0.0,0.1656472891122698,0.8703882797784892,0.9805806756909202,0.9128709291752769,0.44126130406091413,0.7570332986102252,0.0,0.23652495839563303,0.8703882797784892,1.0,0.9128709291752769,0.44126130406091413,0.9925950691544193,0.0,0.23652495839563303,0.8703882797784892,1.0,0.9128709291752769,0.0,0.5547001962252291,0.6469966392206304,0.6286185570937122,0.6458336837206266,0.6882472016116852,0.7071067811865475,0.5345224838248488,0.6546536707079772,0.7505683356701914,1.0,0.5698028822981898,0.7427813527082074,0.48536267169707553,0.4195906791483446,0.7559289460184544,0.3216337604513384,0.4364357804719848,0.3481553119113957,0.8164965809277261,0.2],[0.37300192329612547,0.5280977667909696,0.715679815070402,0.4615663313770509,0.4615663313770509,0.4615663313770509,0.4615663313770509,1.0,0.49343516379516894,0.4477851147050409,0.6192562158505679,0.0,0.49124697046863636,0.0,0.0,0.3774466946118367,0.0,0.18563373470447578,0.5141476695337212,0.0,0.08936871648301942,0.49349101700308967,0.4931004423340639,0.3740484200553164,0.0,0.4577112515852409,0.17791428114713032,0.5511307985627442,0.19796061678298907,0.3753259453027345,0.0,0.5307910421576296,0.2883382013291079,0.46612637292333625,0.35485426599453185,0.0,0.49798507049386787,0.19681254499043663,0.3760601346479513,0.0,0.0,0.7143267005928533,0.5754862359745035,0.0,0.0,0.0,0.5315277406969788,0.0,0.49742718250618795,0.26832893630803345,0.691452468249096,0.0,0.560473402386419,0.14199196428505043,0.42469860660927883,0.5301921151146685,0.44542765641734605,0.26832893630803345,0.6135684352074515,0.0,0.14199196428505043,0.42469860660927883,0.5301921151146685,0.44542765641734605,0.26832893630803345,0.6489248672581798,0.0,0.17545493141643526,0.42469860660927883,0.4615663313770509,0.44542765641734605,0.26832893630803345,0.5105082891397046,0.0,0.17545493141643526,0.42469860660927883,0.4615663313770509,0.44542765641734605,0.0,0.5120618691716186,0.5474917528269709,0.5566126766515982,0.551475905538114,0.43868954009163735,0.6061281253562039,0.546303217058937,0.4316658473017156,0.5822471817530573,0.4615663313770509,0.5260036519808899,0.3795760279831832,0.5532096979443378,0.514606015207689,0.37383358970942004,0.2827720283019609,0.38849926257154405,0.4820903102051273,0.3768673314407159,0.22418936095456757],[0.7559289460184544,0.8119119216534527,0.6501806308218834,0.8017837257372732,0.8017837257372732,0.8017837257372732,0.8017837257372732,0.49343516379516894,1.0,0.7778444682625973,0.9163419338230351,0.0,0.5333386009010834,0.0,0.0,0.3146110860642731,0.0,0.04854283139782661,0.5209880722517277,0.0,0.027863910628767644,0.29790605736948794,0.5740783950094591,0.31522862365829274,0.0,0.4925318274773389,0.023262105259961773,0.47868277536822773,0.0,0.0,0.0,0.5976143046671968,0.5008703226778094,0.7908745952947444,0.41375796327552783,0.0,0.4312909745889714,0.3418817293789138,0.4988465959263239,0.0,0.0,0.4598451673716273,0.7444375004781978,0.0,0.0,0.0,0.7181324987175317,0.0,0.625711195790084,0.4324174951477913,0.4443694284349493,0.0,0.2004459314343183,0.38368286846562094,0.6978631577988531,0.7862136275414388,0.7319250547113999,0.4324174951477913,0.753243303951905,0.0,0.38368286846562094,0.6978631577988531,0.7862136275414388,0.7319250547113999,0.4324174951477913,0.635880644317688,0.0,0.4424976788687098,0.6978631577988531,0.8017837257372732,0.7319250547113999,0.4324174951477913,0.8000910877494503,0.0,0.4424976788687098,0.6978631577988531,0.8017837257372732,0.7319250547113999,0.0,0.44474958999666075,0.5763904177042349,0.5040161287741853,0.5954917777111745,0.5518254055364691,0.5669467095138409,0.5714285714285714,0.5832118435198044,0.6135933486841502,0.8017837257372732,0.6396021490668313,0.6451791670811048,0.44474958999666075,0.403705173614631,0.6060915267313265,0.401147778542877,0.34992710611188266,0.3256694736394648,0.6546536707079772,0.32071349029490925],[0.6859943405700353,0.893088561378213,0.6051582648536777,0.9701425001453319,0.9701425001453319,0.9701425001453319,0.9701425001453319,0.4477851147050409,0.7778444682625973,1.0,0.8677218312746245,0.0,0.6453291917672769,0.0,0.0,0.3806732112542842,0.0,0.04405190168937057,0.4976726017934396,0.0,0.0,0.3572420589629466,0.6946235394111656,0.3814204195676546,0.0,0.5959538004723581,0.0,0.579196720468743,0.0,0.0,0.0,0.7231015260621871,0.6060432152628562,0.95694266739468,0.5006389778965061,0.0,0.4383570037596046,0.4136701519960153,0.6035945457934282,0.0,0.0,0.401847034474754,0.9007546982220901,0.0,0.0,0.0,0.8574929257125442,0.0,0.757098210361565,0.4280863447390447,0.5270311531986452,0.0,0.24253562503633297,0.22766042320237156,0.928840728025648,0.9513029883089883,0.9298956298171001,0.4280863447390447,0.9071802681702494,0.0,0.22766042320237156,0.928840728025648,0.9513029883089883,0.9298956298171001,0.4280863447390447,0.7344301770069915,0.0,0.27248721095059314,0.928840728025648,0.9701425001453319,0.9298956298171001,0.4280863447390447,0.9629586620213968,0.0,0.27248721095059314,0.928840728025648,0.9701425001453319,0.9298956298171001,0.0,0.5381382351970501,0.6276789371591298,0.609849578616645,0.697037658870613,0.77898083770452,0.6859943405700353,0.5185629788417315,0.6351073488299558,0.7388664511337207,0.9701425001453319,0.552789992822782,0.720603758577672,0.4708709557974188,0.40706275050665275,0.733358797622569,0.3120305804954063,0.4234048992199705,0.33776026473659926,0.8911327886790069,0.19402850002906638],[0.7378647873726217,0.8645563180722492,0.6788128290595327,0.8944271909999159,0.8944271909999159,0.8944271909999159,0.8944271909999159,0.6192562158505679,0.9163419338230351,0.8677218312746245,0.9999999999999999,0.0,0.6147962545523539,0.0,0.0,0.35096335948593205,0.0,0.04738282103956889,0.611775290321498,0.0,0.01554174680400523,0.32639368910685634,0.640411260268338,0.3851429421325516,0.0,0.549442255794756,0.012974982402692048,0.5339929913879817,0.0,0.0,0.0,0.6666666666666665,0.5587442366156625,0.8822575465125693,0.4615663313770509,0.0,0.5388602512436507,0.3813850356982369,0.5564866749122018,0.0,0.0,0.536727776575586,0.8304547985373998,0.0,0.0,0.0,0.7800284895082001,0.0,0.6980100608965332,0.43852900965351466,0.49080678255487353,0.0,0.22360679774997896,0.2880877990227969,0.7784989441615229,0.8770580193070293,0.8164965809277259,0.43852900965351466,0.838328482439402,0.0,0.2880877990227969,0.7784989441615229,0.8770580193070293,0.8164965809277259,0.43852900965351466,0.7093545556631224,0.0,0.3525905902319634,0.7784989441615229,0.8944271909999159,0.8164965809277259,0.43852900965351466,0.8925389742748432,0.0,0.3525905902319634,0.7784989441615229,0.8944271909999159,0.8164965809277259,0.0,0.5788287614163061,0.610840908082522,0.6693494407520824,0.6691126487840681,0.6155870112510924,0.6324555320336758,0.7171371656006361,0.6831300510639732,0.6910736907189411,0.8944271909999159,0.7135060680126757,0.6920456654478331,0.5064751662392679,0.48788130627652104,0.6761234037828132,0.4315169713368457,0.39036002917941326,0.38924947208076144,0.7302967433402215,0.2683281572999747],[0.0,0.0,0.0,0.0,0.0,0.0,0.0,0.0,0.0,0.0,0.0,0.0,0.0,0.0,0.0,0.0,0.0,0.0,0.0,0.0,0.0,0.0,0.0,0.0,0.0,0.0,0.0,0.0,0.0,0.0,0.0,0.0,0.0,0.0,0.0,0.0,0.0,0.0,0.0,0.0,0.0,0.0,0.0,0.0,0.0,0.0,0.0,0.0,0.0,0.0,0.0,0.0,0.0,0.0,0.0,0.0,0.0,0.0,0.0,0.0,0.0,0.0,0.0,0.0,0.0,0.0,0.0,0.0,0.0,0.0,0.0,0.0,0.0,0.0,0.0,0.0,0.0,0.0,0.0,0.0,0.0,0.0,0.0,0.0,0.0,0.0,0.0,0.0,0.0,0.0,0.0,0.0,0.0,0.0,0.0,0.0,0.0,0.0,0.0],[0.4703604341917986,0.7409521236203627,0.5228170760246409,0.6651901052377394,0.6651901052377394,0.6651901052377394,0.6651901052377394,0.49124697046863636,0.5333386009010834,0.6453291917672769,0.6147962545523539,0.0,1.0,0.0,0.0,0.6970589326797889,0.0,0.5074394093172829,0.5664506378359878,0.0,0.06935086251510557,0.3574907996341513,0.7990872187110909,0.7322716499723123,0.0,0.7886424544886443,0.14474341785588704,0.8472177833871964,0.3072381490570274,0.46277347810283836,0.0,0.7040408721486633,0.4674835849772498,0.6889464518997589,0.7650000565828464,0.0,0.5324291745938629,0.2836380138986998,0.5207763552428587,0.0,0.0,0.574376887703598,0.7411362092649044,0.0,0.0,0.0,0.714947859971534,0.0,0.6748477771001175,0.34570445831417645,0.6986397247834158,0.0,0.3658545578807566,0.13589722313488894,0.6484505119943739,0.7174998191426304,0.6801006345801643,0.34570445831417645,0.7690420171452624,0.0,0.13589722313488894,0.6484505119943739,0.7174998191426304,0.6801006345801643,0.34570445831417645,0.7373719086575483,0.0,0.1848675228106881,0.6484505119943739,0.6651901052377394,0.6801006345801643,0.34570445831417645,0.7104445143159953,0.0,0.1848675228106881,0.6484505119943739,0.6651901052377394,0.6801006345801643,0.0,0.6641659474244187,0.8535785956877424,0.657094183660455,0.6830674599039187,0.640941319857519,0.7055406512876979,0.44444883408423624,0.49353169666084656,0.7812116919483735,0.6651901052377394,0.49273541101291,0.5929089674119236,0.7840847990427166,0.5470508333181452,0.6285455689428363,0.25673711395516274,0.6967506305800187,0.49791735742425136,0.5431254465935684,0.2660760420950957],[0.0,0.0,0.0,0.0,0.0,0.0,0.0,0.0,0.0,0.0,0.0,0.0,0.0,0.0,0.0,0.0,0.0,0.0,0.0,0.0,0.0,0.0,0.0,0.0,0.0,0.0,0.0,0.0,0.0,0.0,0.0,0.0,0.0,0.0,0.0,0.0,0.0,0.0,0.0,0.0,0.0,0.0,0.0,0.0,0.0,0.0,0.0,0.0,0.0,0.0,0.0,0.0,0.0,0.0,0.0,0.0,0.0,0.0,0.0,0.0,0.0,0.0,0.0,0.0,0.0,0.0,0.0,0.0,0.0,0.0,0.0,0.0,0.0,0.0,0.0,0.0,0.0,0.0,0.0,0.0,0.0,0.0,0.0,0.0,0.0,0.0,0.0,0.0,0.0,0.0,0.0,0.0,0.0,0.0,0.0,0.0,0.0,0.0,0.0],[0.0,0.0,0.0,0.0,0.0,0.0,0.0,0.0,0.0,0.0,0.0,0.0,0.0,0.0,0.0,0.0,0.0,0.0,0.0,0.0,0.0,0.0,0.0,0.0,0.0,0.0,0.0,0.0,0.0,0.0,0.0,0.0,0.0,0.0,0.0,0.0,0.0,0.0,0.0,0.0,0.0,0.0,0.0,0.0,0.0,0.0,0.0,0.0,0.0,0.0,0.0,0.0,0.0,0.0,0.0,0.0,0.0,0.0,0.0,0.0,0.0,0.0,0.0,0.0,0.0,0.0,0.0,0.0,0.0,0.0,0.0,0.0,0.0,0.0,0.0,0.0,0.0,0.0,0.0,0.0,0.0,0.0,0.0,0.0,0.0,0.0,0.0,0.0,0.0,0.0,0.0,0.0,0.0,0.0,0.0,0.0,0.0,0.0,0.0],[0.27746089781000177,0.48871390522932534,0.34699110712337355,0.3923889647111199,0.3923889647111199,0.3923889647111199,0.3923889647111199,0.3774466946118367,0.3146110860642731,0.3806732112542842,0.35096335948593205,0.0,0.6970589326797889,0.0,0.0,1.0000000000000002,0.0,0.8824885634521569,0.33390673092994555,0.0,0.6545500404736108,0.7452020454324289,0.8795789627754368,0.9424810860635875,0.0,0.9216335658765933,0.7071695653625814,0.7395423491694711,0.34648192555753493,0.532832521034046,0.0,0.5505307599779327,0.3893137035406587,0.4060231342252182,0.6568198312003686,0.0,0.3784390638163541,0.1673152167328942,0.379363598289341,0.0,0.0,0.44273742995193477,0.5186259400809374,0.0,0.0,0.0,0.4831083867750619,0.0,0.4663349487830389,0.22520305351137657,0.5878208606631945,0.0,0.31160300138824226,0.07137053772137564,0.3817108449400297,0.46624953792305096,0.40034171161560783,0.22520305351137657,0.5241971728363665,0.0,0.07137053772137564,0.3817108449400297,0.46624953792305096,0.40034171161560783,0.22520305351137657,0.5229604355083228,0.0,0.09963403234387987,0.3817108449400297,0.3923889647111199,0.40034171161560783,0.22520305351137657,0.43292220065481746,0.0,0.09963403234387987,0.3817108449400297,0.3923889647111199,0.40034171161560783,0.0,0.40330790736699945,0.6670423873007423,0.37310367451189874,0.4792581787389519,0.4606916235450766,0.5712430249029448,0.2405849481667971,0.2820630796320098,0.5951439570667393,0.3923889647111199,0.2972356826753772,0.3386070187305294,0.6113635738658484,0.38352076393298834,0.3402384966003125,0.126205538279645,0.48857354864830277,0.3937648716223464,0.32038424808039956,0.18926997121359898],[0.0,0.0,0.0,0.0,0.0,0.0,0.0,0.0,0.0,0.0,0.0,0.0,0.0,0.0,0.0,0.0,0.0,0.0,0.0,0.0,0.0,0.0,0.0,0.0,0.0,0.0,0.0,0.0,0.0,0.0,0.0,0.0,0.0,0.0,0.0,0.0,0.0,0.0,0.0,0.0,0.0,0.0,0.0,0.0,0.0,0.0,0.0,0.0,0.0,0.0,0.0,0.0,0.0,0.0,0.0,0.0,0.0,0.0,0.0,0.0,0.0,0.0,0.0,0.0,0.0,0.0,0.0,0.0,0.0,0.0,0.0,0.0,0.0,0.0,0.0,0.0,0.0,0.0,0.0,0.0,0.0,0.0,0.0,0.0,0.0,0.0,0.0,0.0,0.0,0.0,0.0,0.0,0.0,0.0,0.0,0.0,0.0,0.0,0.0],[0.03210806495339678,0.1588443323794028,0.13312524712178495,0.045407660918649985,0.045407660918649985,0.045407660918649985,0.045407660918649985,0.18563373470447578,0.04854283139782661,0.04405190168937057,0.04738282103956889,0.0,0.5074394093172829,0.0,0.0,0.8824885634521569,0.0,1.0000000000000002,0.12578564822766652,0.0,0.6627706267108244,0.618216450278148,0.679138633542816,0.8926219125841174,0.0,0.7893918336477524,0.7114013257634765,0.5241148114802164,0.3565393034632919,0.5600073637218357,0.0,0.2978348751058616,0.24111049762374542,0.04478984082558664,0.5657270225973103,0.0,0.21982889316020596,0.019361891671777664,0.1577365956601843,0.0,0.0,0.31974465190179835,0.19393579185270504,0.0,0.0,0.0,0.16054032476698388,0.0,0.200804520924194,0.07124139972024639,0.3774916292501606,0.0,0.24974213505257492,0.050144372907356856,0.039522295875748695,0.12467244951043119,0.041451333614483915,0.07124139972024639,0.18795542615671929,0.0,0.050144372907356856,0.039522295875748695,0.12467244951043119,0.041451333614483915,0.07124139972024639,0.262724065145283,0.0,0.0537002255481335,0.039522295875748695,0.045407660918649985,0.041451333614483915,0.07124139972024639,0.08509484158245056,0.0,0.0537002255481335,0.039522295875748695,0.045407660918649985,0.041451333614483915,0.0,0.22668874579533435,0.5239184381647177,0.10194320817029393,0.25806701289801387,0.1875101733539588,0.3210806495339678,0.04854283139782661,0.03963505586487649,0.36286829407718474,0.045407660918649985,0.09831898106548938,0.050591945700705666,0.4344867627743908,0.20195789160397734,0.034324965259398446,0.03894569795883912,0.3864417946825458,0.2292293160793424,0.037075199888003244,0.11805991838848996],[0.36273812505500586,0.5478039850767905,0.4991904156360288,0.5129891760425771,0.5129891760425771,0.5129891760425771,0.5129891760425771,0.5141476695337212,0.5209880722517277,0.4976726017934396,0.611775290321498,0.0,0.5664506378359878,0.0,0.0,0.33390673092994555,0.0,0.12578564822766652,1.0000000000000002,0.0,0.08557250996811164,0.27365180711183745,0.48157248533069413,0.3745604541154195,0.0,0.4285723743310131,0.1250199346145913,0.4696078436705399,0.09477582044145477,0.19466570535691505,0.20519567041703082,0.5353033790313108,0.32046179772282263,0.5734773270720634,0.32523534868862775,0.0,0.7417381199564246,0.21873931962990356,0.3617225969234861,0.0,0.0,0.5753508379199289,0.5525062514530825,0.0,0.0,0.0,0.681947675103411,0.0,0.5871597980219168,0.5080575455946182,0.5489191412663184,0.0,0.2308451292191597,0.538176686917469,0.5893796917545019,0.5432694546952354,0.618146635643918,0.5080575455946182,0.6111933237395738,0.0,0.538176686917469,0.5893796917545019,0.5432694546952354,0.618146635643918,0.5080575455946182,0.6324555320336759,0.0,0.582406768900227,0.5893796917545019,0.5129891760425771,0.618146635643918,0.5080575455946182,0.57436691408314,0.0,0.582406768900227,0.5893796917545019,0.5129891760425771,0.618146635643918,0.0,0.7967545505142613,0.6195509093314012,0.8568608558662192,0.7421247439701458,0.5884389414473131,0.5078333750770082,0.8226127456606227,0.5821057616915386,0.61605349132656,0.5129891760425771,0.7482949404078947,0.723973708800591,0.6046797928010018,0.654346249385222,0.6980100608965332,0.7369760486676211,0.4029962965556806,0.5893796917545019,0.4188539082916956,0.5129891760425771],[0.0,0.0,0.0,0.0,0.0,0.0,0.0,0.0,0.0,0.0,0.0,0.0,0.0,0.0,0.0,0.0,0.0,0.0,0.0,0.0,0.0,0.0,0.0,0.0,0.0,0.0,0.0,0.0,0.0,0.0,0.0,0.0,0.0,0.0,0.0,0.0,0.0,0.0,0.0,0.0,0.0,0.0,0.0,0.0,0.0,0.0,0.0,0.0,0.0,0.0,0.0,0.0,0.0,0.0,0.0,0.0,0.0,0.0,0.0,0.0,0.0,0.0,0.0,0.0,0.0,0.0,0.0,0.0,0.0,0.0,0.0,0.0,0.0,0.0,0.0,0.0,0.0,0.0,0.0,0.0,0.0,0.0,0.0,0.0,0.0,0.0,0.0,0.0,0.0,0.0,0.0,0.0,0.0,0.0,0.0,0.0,0.0,0.0,0.0],[0.0,0.03839061540937688,0.06503385893766005,0.0,0.0,0.0,0.0,0.08936871648301942,0.027863910628767644,0.0,0.01554174680400523,0.0,0.06935086251510557,0.0,0.0,0.6545500404736108,0.0,0.6627706267108244,0.08557250996811164,0.0,1.0000000000000002,0.81348112031457,0.4893612248282832,0.5445771362291341,0.0,0.5187620146962522,0.9709634865568396,0.12448775800898036,0.09630868246861536,0.1978141420187361,0.0,0.09325048082403138,0.0,0.0,0.061487546190134565,0.0,0.06056796398154362,0.0,0.043243875006441064,0.0,0.0,0.08304777085832968,0.07744030926623664,0.0,0.0,0.0,0.07372097807744857,0.0,0.07232197088734793,0.04600467113116111,0.154466893569165,0.0,0.05212860351426869,0.0978629010499321,0.0,0.04089304100547654,0.0,0.04600467113116111,0.06408493781807921,0.0,0.0978629010499321,0.0,0.04089304100547654,0.0,0.04600467113116111,0.05637584095764487,0.0,0.09863772621947883,0.0,0.0,0.0,0.04600467113116111,0.011590341237477821,0.0,0.09863772621947883,0.0,0.0,0.0,0.0,0.057831493196624034,0.11242343760332198,0.037450294313656915,0.0875326608905636,0.047836487323493986,0.14744195615489714,0.05572782125753529,0.022750787759664506,0.09666443091656882,0.0,0.08316847989130756,0.058080231949677485,0.10120511309409207,0.1399851273702834,0.0,0.05588772925123699,0.09100315103865803,0.10889310129609417,0.0,0.12510864843424485],[0.253345288454809,0.39579296647265133,0.3998016984268047,0.3582843428961148,0.3582843428961148,0.3582843428961148,0.3582843428961148,0.49349101700308967,0.29790605736948794,0.3572420589629466,0.32639368910685634,0.0,0.3574907996341513,0.0,0.0,0.7452020454324289,0.0,0.618216450278148,0.27365180711183745,0.0,0.81348112031457,0.9999999999999998,0.7125892969927978,0.6439441127592143,0.0,0.7091863717883538,0.8385205697572179,0.42780749502189885,0.16548444945400004,0.33989837205854734,0.0,0.4272790111944301,0.2238184546234941,0.35340949883691997,0.290543794069513,0.0,0.2569683876376889,0.15277295712890168,0.29721884524920245,0.0,0.0,0.4464880796838612,0.465722125523458,0.0,0.0,0.0,0.4166122521256859,0.0,0.40387350334450534,0.20298876176022865,0.5714636651098676,0.0,0.47771245719481975,0.10770713616568536,0.32570633701313423,0.4215920436558595,0.3343355245864972,0.20298876176022865,0.4894013882716058,0.0,0.10770713616568536,0.32570633701313423,0.4215920436558595,0.3343355245864972,0.20298876176022865,0.4972608262289118,0.0,0.12946876142644625,0.32570633701313423,0.3582843428961148,0.3343355245864972,0.20298876176022865,0.39451362453170274,0.0,0.12946876142644625,0.32570633701313423,0.3582843428961148,0.3343355245864972,0.0,0.2981105929633533,0.4378610019517434,0.2895739542779458,0.3702273551872351,0.3470500541637865,0.506690576909618,0.21279004097820567,0.2432392772798459,0.4481948049070418,0.3582843428961148,0.26766523610236953,0.288304172943093,0.38367937427690835,0.32070991096319823,0.2708375057003746,0.13657640357512793,0.3127362136455162,0.3118464928849158,0.3087900488065378,0.17516123430476724],[0.5062895554167106,0.7396935413252635,0.5458804991766716,0.716001555758157,0.716001555758157,0.716001555758157,0.716001555758157,0.4931004423340639,0.5740783950094591,0.6946235394111656,0.640411260268338,0.0,0.7990872187110909,0.0,0.0,0.8795789627754368,0.0,0.679138633542816,0.48157248533069413,0.0,0.4893612248282832,0.7125892969927978,1.0,0.8713175001112279,0.0,0.9823009792099702,0.5470305514707787,0.7995251755442814,0.26640282306128266,0.47799687515529615,0.0,0.770865405878555,0.5715277997909902,0.719338465240397,0.7331157638259188,0.0,0.49812411819826763,0.30530408919874125,0.5527194976343758,0.0,0.0,0.5221803940594806,0.8125220340832603,0.0,0.0,0.0,0.7425580146111757,0.0,0.7105307220093982,0.36275026615955996,0.7307897921317992,0.0,0.3580007778790785,0.12299644696008072,0.6508971118766228,0.7801080992678708,0.6826666501845989,0.36275026615955996,0.8125956879207153,0.0,0.12299644696008072,0.6508971118766228,0.7801080992678708,0.6826666501845989,0.36275026615955996,0.731319788302862,0.0,0.17405646702543182,0.6508971118766228,0.716001555758157,0.6826666501845989,0.36275026615955996,0.7473401271725655,0.0,0.17405646702543182,0.6508971118766228,0.716001555758157,0.6826666501845989,0.0,0.5516197270508597,0.8063991930317301,0.5572565945855329,0.660230033513236,0.6570480894668861,0.7875615306482165,0.40398109278443417,0.4860935299211702,0.8008434372400538,0.716001555758157,0.471443266898917,0.5909251156969165,0.6453950806495059,0.5340934738699313,0.5713155403580504,0.23029027286750473,0.5902564291899924,0.48471061522727227,0.5846128222154678,0.2704894766197482],[0.2780055147763381,0.46017113345287675,0.346847846033214,0.39315916941121126,0.39315916941121126,0.39315916941121126,0.39315916941121126,0.3740484200553164,0.31522862365829274,0.3814204195676546,0.3851429421325516,0.0,0.7322716499723123,0.0,0.0,0.9424810860635875,0.0,0.8926219125841174,0.3745604541154195,0.0,0.5445771362291341,0.6439441127592143,0.8713175001112279,0.9999999999999998,0.0,0.9246603302755743,0.5866305139593665,0.6874083344865093,0.31130132886025025,0.4973113833277714,0.0,0.5442237225786055,0.46489439498875407,0.40627694989211655,0.7370237106602714,0.0,0.42780588579411116,0.1676436331204941,0.3610942593603606,0.0,0.0,0.481398279340023,0.4901953958996449,0.0,0.0,0.0,0.4606948530579318,0.0,0.4626666051942422,0.21754584596879142,0.5399704988757811,0.0,0.322952174873495,0.07753065547928427,0.3813098340735882,0.45161416125166826,0.3999211278706717,0.21754584596879142,0.5061061489230577,0.0,0.07753065547928427,0.3813098340735882,0.45161416125166826,0.3999211278706717,0.21754584596879142,0.5375645017651627,0.0,0.10627652135754101,0.3813098340735882,0.39315916941121126,0.3999211278706717,0.21754584596879142,0.43618560021200703,0.0,0.10627652135754101,0.3813098340735882,0.39315916941121126,0.3999211278706717,0.0,0.45174847029887594,0.7025530645092398,0.4236808282001794,0.5042035059863492,0.4638697682318411,0.5162959560131993,0.3002177368174217,0.3064084445566059,0.6025845050045613,0.39315916941121126,0.3264338464158855,0.3441797460571975,0.5997350381554043,0.391204902892911,0.3608861958113311,0.16258276557469634,0.5025098490728336,0.3715326588409321,0.32101311758463863,0.17972990601655373],[0.0,0.0,0.0,0.0,0.0,0.0,0.0,0.0,0.0,0.0,0.0,0.0,0.0,0.0,0.0,0.0,0.0,0.0,0.0,0.0,0.0,0.0,0.0,0.0,0.0,0.0,0.0,0.0,0.0,0.0,0.0,0.0,0.0,0.0,0.0,0.0,0.0,0.0,0.0,0.0,0.0,0.0,0.0,0.0,0.0,0.0,0.0,0.0,0.0,0.0,0.0,0.0,0.0,0.0,0.0,0.0,0.0,0.0,0.0,0.0,0.0,0.0,0.0,0.0,0.0,0.0,0.0,0.0,0.0,0.0,0.0,0.0,0.0,0.0,0.0,0.0,0.0,0.0,0.0,0.0,0.0,0.0,0.0,0.0,0.0,0.0,0.0,0.0,0.0,0.0,0.0,0.0,0.0,0.0,0.0,0.0,0.0,0.0,0.0],[0.4343722427630693,0.6616402561737781,0.49047906024445775,0.6142951168339512,0.6142951168339512,0.6142951168339512,0.6142951168339512,0.4577112515852409,0.4925318274773389,0.5959538004723581,0.549442255794756,0.0,0.7886424544886443,0.0,0.0,0.9216335658765933,0.0,0.7893918336477524,0.4285723743310131,0.0,0.5187620146962522,0.7091863717883538,0.9823009792099702,0.9246603302755743,0.0,1.0,0.5827960443189975,0.7885079682482817,0.3050105679167207,0.5244943656729226,0.0,0.7325896743930082,0.5756206758345537,0.616035920196179,0.7426975641956705,0.0,0.4837614672880679,0.2619363179255036,0.5032255463478164,0.0,0.0,0.5108571252262287,0.7300591325503498,0.0,0.0,0.0,0.6602458089998654,0.0,0.6498469324447778,0.3192539379914944,0.7008048755102139,0.0,0.3532196921795219,0.10514819817906405,0.556062280818126,0.6866971496420823,0.583203040255726,0.3192539379914944,0.7274741079912843,0.0,0.10514819817906405,0.556062280818126,0.6866971496420823,0.583203040255726,0.3192539379914944,0.6709889674330419,0.0,0.14892853012558563,0.556062280818126,0.6142951168339512,0.583203040255726,0.3192539379914944,0.648770067429419,0.0,0.14892853012558563,0.556062280818126,0.6142951168339512,0.583203040255726,0.0,0.5281619138643888,0.8081419813651289,0.4909714369667798,0.6248536531594299,0.6059945496787225,0.7384328126972178,0.3447722792341372,0.41555557157110956,0.7783954294754963,0.6142951168339512,0.4130320112213525,0.5019156536283655,0.6389055409649865,0.48972976001275154,0.4875816332232007,0.19757804845419802,0.6166308481377755,0.4598207322149888,0.5015698625755192,0.24571804673358047],[0.0,0.08012573580802616,0.10315732544606206,0.0,0.0,0.0,0.0,0.17791428114713032,0.023262105259961773,0.0,0.012974982402692048,0.0,0.14474341785588704,0.0,0.0,0.7071695653625814,0.0,0.7114013257634765,0.1250199346145913,0.0,0.9709634865568396,0.8385205697572179,0.5470305514707787,0.5866305139593665,0.0,0.5827960443189975,1.0,0.2598206124907481,0.20100756305184242,0.41286141192238524,0.0,0.19462473604038072,0.0,0.0,0.12833175058483634,0.0,0.11798497593106737,0.0,0.0902550601789804,0.0,0.0,0.15253082127308,0.16162704595880897,0.0,0.0,0.0,0.135400640077266,0.0,0.1509444709505754,0.06401144456239866,0.32239059919280144,0.0,0.10879853497231115,0.0817005601115592,0.0,0.08534859274986487,0.0,0.06401144456239866,0.13375281281974488,0.0,0.0817005601115592,0.0,0.08534859274986487,0.0,0.06401144456239866,0.11766301973435522,0.0,0.08234742066506151,0.0,0.0,0.0,0.06401144456239866,0.024190407213221913,0.0,0.08234742066506151,0.0,0.0,0.0,0.0,0.12070113739631691,0.2064840403390264,0.07816317493509031,0.14896340828409926,0.09984038297885896,0.3077287274483318,0.046524210519923545,0.018993429409939658,0.19598576476205448,0.0,0.09918995010726925,0.048488113787642693,0.19312181983410706,0.22642822