{"classNames":["net.sourceforge.cobertura.ant.AntUtil","net.sourceforge.cobertura.ant.CheckTask","net.sourceforge.cobertura.ant.CommonMatchingTask","net.sourceforge.cobertura.ant.ExcludeClasses","net.sourceforge.cobertura.ant.Ignore","net.sourceforge.cobertura.ant.IgnoreBranches","net.sourceforge.cobertura.ant.IncludeClasses","net.sourceforge.cobertura.ant.InstrumentTask","net.sourceforge.cobertura.ant.MergeTask","net.sourceforge.cobertura.ant.Regex","net.sourceforge.cobertura.ant.ReportTask","net.sourceforge.cobertura.check.CoverageRate","net.sourceforge.cobertura.check.Main","net.sourceforge.cobertura.check.PackageCoverage","net.sourceforge.cobertura.coveragedata.BranchCoverageData","net.sourceforge.cobertura.coveragedata.ClassData","net.sourceforge.cobertura.coveragedata.CoverageData","net.sourceforge.cobertura.coveragedata.CoverageDataContainer","net.sourceforge.cobertura.coveragedata.CoverageDataFileHandler","net.sourceforge.cobertura.coveragedata.HasBeenInstrumented","net.sourceforge.cobertura.coveragedata.JumpData","net.sourceforge.cobertura.coveragedata.LineData","net.sourceforge.cobertura.coveragedata.PackageData","net.sourceforge.cobertura.coveragedata.ProjectData","net.sourceforge.cobertura.coveragedata.SaveTimer","net.sourceforge.cobertura.coveragedata.SourceFileData","net.sourceforge.cobertura.coveragedata.SwitchData","net.sourceforge.cobertura.coveragedata.TouchCollector","net.sourceforge.cobertura.coveragedata.countermaps.AtomicCounterMap","net.sourceforge.cobertura.coveragedata.countermaps.CounterMap","net.sourceforge.cobertura.instrument.Archive","net.sourceforge.cobertura.instrument.ClassInstrumenter","net.sourceforge.cobertura.instrument.ClassPattern","net.sourceforge.cobertura.instrument.CoberturaFile","net.sourceforge.cobertura.instrument.FirstPassMethodInstrumenter","net.sourceforge.cobertura.instrument.JumpHolder","net.sourceforge.cobertura.instrument.Main","net.sourceforge.cobertura.instrument.NewLocalVariableMethodAdapter","net.sourceforge.cobertura.instrument.SecondPassMethodInstrumenter","net.sourceforge.cobertura.instrument.SwitchHolder","net.sourceforge.cobertura.javancss.FunctionMetric","net.sourceforge.cobertura.javancss.Javancss","net.sourceforge.cobertura.javancss.Metric","net.sourceforge.cobertura.javancss.ObjectMetric","net.sourceforge.cobertura.javancss.PackageMetric","net.sourceforge.cobertura.javancss.ccl.Exitable","net.sourceforge.cobertura.javancss.ccl.FileUtil","net.sourceforge.cobertura.javancss.ccl.Init","net.sourceforge.cobertura.javancss.ccl.Util","net.sourceforge.cobertura.javancss.parser.JavaCharStream","net.sourceforge.cobertura.javancss.parser.JavaParser","net.sourceforge.cobertura.javancss.parser.JavaParserConstants","net.sourceforge.cobertura.javancss.parser.JavaParserInterface","net.sourceforge.cobertura.javancss.parser.JavaParserTokenManager","net.sourceforge.cobertura.javancss.parser.ParseException","net.sourceforge.cobertura.javancss.parser.Token","net.sourceforge.cobertura.javancss.parser.TokenMgrError","net.sourceforge.cobertura.javancss.parser.debug.JavaCharStream","net.sourceforge.cobertura.javancss.parser.debug.JavaParserDebug","net.sourceforge.cobertura.javancss.parser.debug.JavaParserDebugConstants","net.sourceforge.cobertura.javancss.parser.debug.JavaParserDebugTokenManager","net.sourceforge.cobertura.javancss.parser.debug.ParseException","net.sourceforge.cobertura.javancss.parser.debug.Token","net.sourceforge.cobertura.javancss.parser.debug.TokenMgrError","net.sourceforge.cobertura.javancss.parser.java15.JavaCharStream","net.sourceforge.cobertura.javancss.parser.java15.JavaParser15","net.sourceforge.cobertura.javancss.parser.java15.JavaParser15Constants","net.sourceforge.cobertura.javancss.parser.java15.JavaParser15TokenManager","net.sourceforge.cobertura.javancss.parser.java15.ParseException","net.sourceforge.cobertura.javancss.parser.java15.Token","net.sourceforge.cobertura.javancss.parser.java15.TokenMgrError","net.sourceforge.cobertura.javancss.parser.java15.debug.JavaCharStream","net.sourceforge.cobertura.javancss.parser.java15.debug.JavaParser15Debug","net.sourceforge.cobertura.javancss.parser.java15.debug.JavaParser15DebugConstants","net.sourceforge.cobertura.javancss.parser.java15.debug.JavaParser15DebugTokenManager","net.sourceforge.cobertura.javancss.parser.java15.debug.ParseException","net.sourceforge.cobertura.javancss.parser.java15.debug.Token","net.sourceforge.cobertura.javancss.parser.java15.debug.TokenMgrError","net.sourceforge.cobertura.javancss.test.JavancssTest","net.sourceforge.cobertura.merge.Main","net.sourceforge.cobertura.reporting.ComplexityCalculator","net.sourceforge.cobertura.reporting.Main","net.sourceforge.cobertura.reporting.html.HTMLReport","net.sourceforge.cobertura.reporting.html.JavaToHtml","net.sourceforge.cobertura.reporting.html.SourceFileDataBaseNameComparator","net.sourceforge.cobertura.reporting.html.files.CopyFiles","net.sourceforge.cobertura.reporting.xml.SummaryXMLReport","net.sourceforge.cobertura.reporting.xml.XMLReport","net.sourceforge.cobertura.util.ArchiveUtil","net.sourceforge.cobertura.util.CommandLineBuilder","net.sourceforge.cobertura.util.ConfigurationUtil","net.sourceforge.cobertura.util.FileFinder","net.sourceforge.cobertura.util.FileLocker","net.sourceforge.cobertura.util.Header","net.sourceforge.cobertura.util.IOUtil","net.sourceforge.cobertura.util.RegexUtil","net.sourceforge.cobertura.util.Source","net.sourceforge.cobertura.util.StringUtil","net.sourceforge.cobertura.webapp.FlushCoberturaServlet"],"values":[[1.0000000000000002,0.2458990845773522,0.430618109552895,0.0,0.0,0.0,0.0,0.31361434200562255,0.31821209114764715,0.0,0.19214934489680163,0.17375182977832468,0.18626781326847647,0.25667413416141566,0.09778271843495913,0.15892598963254845,0.10766556267608153,0.1411407530281341,0.2348484163734209,0.5083904998462945,0.07623304514985184,0.07833243252319694,0.10082584661200572,0.24254342939569093,0.5277550204498439,0.10997897228639882,0.10737501395020362,0.04556858312255417,0.0,0.060548059630696184,0.013470635121529064,0.14234424203554724,0.05761672555664295,0.0,0.03784408783280561,0.0,0.021155258958926233,0.0821375473075605,0.03194539411183779,0.032905755811113185,0.04494162765524646,0.010453448666006006,0.0,0.04106094198175887,0.010177089093774733,0.0,0.1489520029341085,0.003576183438448445,0.051182363195540544,0.00417748834114497,0.0031499505028193273,0.001564009083641882,0.09604088627718137,1.7864378444252656E-4,0.012508934287555503,0.01652724237365357,0.011874580783245091,0.0041419834435949664,0.004025930321993327,0.001564009083641882,1.2075242068244432E-4,0.012638194525035572,0.01662964115572019,0.01156590106142299,0.004211657530478092,0.002703430042976954,0.0020973892250915212,6.034195551693269E-4,0.012859260349381917,0.015068926120560266,0.011675792035276352,0.004161654207108951,0.004304567445672558,0.0020973892250915212,5.397070723130237E-4,0.013304190280045616,0.015068926120560266,0.012335786404179948,0.0,0.17093646990606265,0.06445131480722842,0.0,0.10534291440935786,0.0887258954631478,0.028108917597569328,0.012956121953359387,0.09551085305769669,0.13889916265780342,0.07270173617159757,0.10558681742965134,0.5829796175705121,0.061702385172924576,0.11928127559819733,0.0,0.0027714325654735737,0.027771128940120217,0.04877225344390056,0.0,0.0],[0.2458990845773522,1.0,0.09174810220050238,0.21338027683959743,0.21335980616290623,0.239026619954871,0.21282564185190275,0.2670197554444468,0.21417534041363995,0.7976977053764098,0.1984491223735758,0.8601233439890852,0.8786886261507109,0.4549632869346149,0.1761211042346251,0.20608314785999512,0.23963966142483276,0.1822156753668973,0.11332829520035397,9.817293822439884E-4,0.07186747494934698,0.1356150131797442,0.07700754942069718,0.09341098516261703,0.05618339746994538,0.08036275262321424,0.060011080959118016,0.1406396674418928,0.03477255116850023,0.04535080018866613,0.013877834053644778,0.15314466504216942,0.2043871786544928,0.024831417374596248,0.10353316166088401,0.05373568491873806,0.13347270259003477,0.016406747771338725,0.08386619450915593,0.21270423402143476,0.0,0.04496424494380702,0.07989810958580527,0.0,0.022900150946714,0.034136839996908516,0.058726815762070436,0.0,0.017854140379645018,0.006853765946133942,0.002495505987114273,0.0,0.0,0.009521609492714161,0.023912196723986038,0.020185223006585585,0.02389504168002138,0.006863075363620335,0.002646171359238974,0.0,0.009523534357987532,0.02399211883388156,0.020372118588883308,0.023894701107417208,0.006871540990658309,0.0014428973138318126,0.0,0.009754134795931006,0.024060102762936096,0.01831921413839629,0.023873633498688384,0.006816650542752612,0.0017298356564044272,0.0,0.009763706825278938,0.024078318236450992,0.01831921413839629,0.023941245386400686,0.0,0.19006448239903237,0.030332632866359538,0.13032463123594598,0.11141682073074911,0.006011044933277008,0.13834083931669217,0.0,0.19806990144222728,0.2784950380682318,0.005525774444220568,0.25033312562669463,0.15702629808922297,0.0750121663447411,0.023088095009520956,0.025718527150856534,0.04404573806238767,0.32137236862281343,0.05301043891832087,0.037618489971212574,0.004714265676192405],[0.430618109552895,0.09174810220050238,1.0000000000000002,0.035695355812378454,0.024710521072127012,0.03177317595213304,0.040492784232346875,0.7313366400304177,0.49340749431533903,0.04322306786199949,0.5480130196850331,0.0,0.0,0.11915990966268641,0.004912207315927671,0.05291493222306026,0.0,0.03196641719517561,0.10394123579649188,0.08779108006100876,0.0320431962278888,0.01050894137905754,0.060431728571369595,0.0814382985040059,0.14670574314794055,0.061589235337865894,0.04802885175764548,0.010105331066423178,0.0410274543650653,0.016460895403920935,0.039122335731856764,0.1442433736466317,0.2745848890735979,0.28212643758056716,0.011355853943433079,0.0,0.12473477243578218,0.07519057577072463,0.025556214300880387,0.042149614086957055,0.0038375485157606266,0.2204767624344929,0.0,4.2933188994160264E-4,0.0,0.0,0.4268052916532747,0.0,0.04406471391613896,0.015937356837693078,0.005953085371560444,0.008911365482094457,0.11596541223720173,0.023587024322271593,0.039930709674952845,0.022303796926547277,0.03088895479766101,0.015852570709486785,0.005344333993059562,0.008911365482094457,0.023065936635165513,0.03990308980915723,0.02205272447978613,0.030867791837857688,0.01583279468944986,0.006134413158734117,0.010282135240494065,0.023785899778092666,0.03975278627255655,0.021699548530425952,0.030868644087294606,0.015952053266823894,0.006820534086981543,0.010282135240494065,0.02348020554979719,0.039462417447544605,0.021699548530425952,0.03056483993320576,0.0,0.18956024836954896,0.16418499803638364,0.2839560067295506,0.06784702986980182,0.0,0.051324271500457284,0.061923656778118716,0.12386620350928279,0.06681148672549168,0.0,0.24503754011517415,0.039694737071137166,0.41191121772396727,0.18011107504109108,0.11556989511920479,0.012836133951034005,0.035158686300528784,0.0964976902857164,0.23170129731188632,0.0],[0.0,0.21338027683959743,0.035695355812378454,1.0,0.9996196472190884,0.9980577051198817,0.9999486403076507,0.6498497244156858,0.0,0.07329831114323958,0.0,0.0,0.03298696353210811,0.0,0.004813447998061837,0.0070902047093805475,0.0,0.0,0.002426287598214644,0.0,0.0,7.805302023811691E-4,0.0025727782827795285,0.008147117684205365,0.0,0.004555995407519665,0.0,0.0,0.0019955416979733757,0.0,0.0,0.46665937612018793,0.9193219062780282,0.0,0.20801855423971258,0.0,0.1306881780572408,0.0,0.0,0.01698375248440986,0.0,0.0,0.006954176841071555,0.0,0.004526289273751069,0.0,0.0,0.0,0.013443376557047297,0.0011210378375016412,2.5356450567614507E-4,0.0,7.916023311992493E-4,0.0012814751531298216,0.002399486480382998,0.002966920462291149,0.003058036891807101,0.0010830267113618901,3.3633484905530413E-4,0.0,0.0012570501671748892,0.002448586139129672,0.0029368806437733894,0.003312534594239627,0.0010957342925468963,0.0,0.0,0.0013197605273241556,0.0023676862608773817,0.002088699107019464,0.003235068574338887,0.0010668408825287663,9.492968403378888E-6,0.0,0.0013055379754891231,0.0024920302584780676,0.002088699107019464,0.0032059269595421536,0.0,0.004849858300435165,0.0,0.00697645264639592,0.0,0.012251538270185248,0.0,0.004694599117745595,0.0,4.356238970233725E-4,0.0,0.0,0.014072757064108364,0.0,0.0027691926115609067,0.0,0.0,0.9073330840475148,0.0,0.0,0.0],[0.0,0.21335980616290623,0.024710521072127012,0.9996196472190884,1.0,0.9983235470787699,0.9994940747114285,0.6452269003116188,0.0,0.07119236614312074,0.0,0.0,0.0352487931538996,0.0,0.005313869295851075,0.007682665631078331,0.0,0.0,0.0070487918259650685,0.0,0.0,0.001224871544860705,0.004787378543602788,0.010967430467672826,0.0,0.005791234934989433,0.0,0.0,7.798031882399309E-4,0.0,0.0,0.48464726071565134,0.9149639602565084,0.0,0.226871965727102,0.0,0.13457255429375894,0.0,0.012503698687284107,0.015441417812084779,0.0,0.0,0.007427008233257747,0.0,0.003993968826274494,0.0015736092580547656,0.0,0.0,0.011854593349103486,0.001118329722477576,2.796535039189274E-4,0.0,0.0012268079810240412,0.0012838939724991606,0.0024724482771119063,0.0027677532001316243,0.0030006533310902106,0.0010811581684743738,3.8966730335889465E-4,0.0,0.00126591339584284,0.0025197393520289125,0.002738736667156662,0.003242097332904724,0.001095264489105243,0.0,0.0,0.001286768788428651,0.0024425357249505696,0.0020279466323230404,0.0031688927899807674,0.0010652081604183837,8.644158532492947E-5,0.0,0.0012749422937709126,0.0025731866916401144,0.0020279466323230404,0.003154122252283907,0.0,0.011180963297306903,0.0,0.015989205821247392,0.001970718816726568,0.017725493252108586,0.0,0.006043815681339674,0.0,0.004456799421939204,0.0015238024199177949,0.0,0.013001918902766179,0.0,5.915125260958357E-4,0.0,8.292321000311987E-4,0.9080933254677401,0.0,0.0,0.0],[0.0,0.239026619954871,0.03177317595213304,0.9980577051198817,0.9983235470787699,0.9999999999999999,0.9979340321616611,0.6534940488051196,0.0,0.09298186111012978,0.0,0.02547883746628209,0.07037453609545742,0.04387016583115921,0.04710827466364002,0.02848850648253365,0.03829920895172645,0.011890705227866328,0.005175180228010481,7.030986758755526E-5,0.01008164764214649,0.025955959902172407,0.004352620997500562,0.011594307071764865,0.0,0.007384685785775357,0.005923162420443391,0.01602652288458426,0.0033353401974666286,0.0,0.0,0.4907114281007735,0.9152816401060787,0.0,0.24079735314080264,0.02630442501096639,0.13635833310926937,0.0,0.029635004012129474,0.06070096036882293,0.0,0.0,0.0071140499983650745,0.0,0.003512564618139189,0.0,0.0,0.0,0.01039086966255499,0.001124222349218658,2.1366885972519615E-4,0.0,0.004204260868305697,0.0013011983922943662,0.002396268296998504,0.002972994325982298,0.003116676931725458,0.0010859512944042394,2.988411080755188E-4,0.0,0.0012802555957699647,0.002441733882018492,0.002939358341879202,0.003344719237035028,0.0010982491201783917,0.0,0.0,0.0012953443438688992,0.0023640466890621544,0.001541180284489403,0.0032787387040314757,0.0010733254870855132,7.242564975602932E-5,0.0,0.0012812216929688094,0.002470269854010409,0.001541180284489403,0.0032431143352066516,0.0,0.014734270785682388,0.0,0.013565530665650182,0.008811187384071807,0.015652237534692307,0.0,0.00839088366228458,0.01883930651077286,0.025234708533626894,7.509125572816689E-4,0.0,0.008616927293978503,0.0,0.0,0.002532827939911943,0.0010159357341791228,0.9060402576588992,0.0,0.0,8.450708850423795E-4],[0.0,0.21282564185190275,0.040492784232346875,0.9999486403076507,0.9994940747114285,0.9979340321616611,1.0,0.6522418193700446,0.0,0.07750545320364328,0.0,0.0,0.03208227062829158,0.0,0.005370631763446358,0.007370437825713059,0.0,0.0,0.0025123473245791637,0.0,0.0,0.0011933735952113754,0.0028834370584501427,0.009005632128661735,0.0,0.0051527281396315785,0.0,0.0,0.0020911095918924286,0.0,0.0,0.4678104983655385,0.9217195122804035,0.0,0.20803220799231675,0.0,0.13020825027613384,0.0,0.0,0.016663613491693503,0.0,0.0,0.005621774057955482,0.0,0.004296447171186509,0.0,0.0,0.0,0.012840271121733448,0.0011044054718122157,2.3828269252987243E-4,0.0,0.002205053393665448,0.0013207861983105039,0.0023045205824528472,0.003076995717439553,0.0031069913659700237,0.0010654288776617608,3.1410387767134406E-4,0.0,0.0012945629645212467,0.002355394239257384,0.003049148998727363,0.0033587709220013868,0.0010784326143354324,0.0,0.0,0.0013452744747861312,0.0022752414217371373,0.0021235462297036537,0.0032824021986456145,0.0010501139919511524,0.0,0.0,0.0013299841738978043,0.0023971007857185333,0.0021235462297036537,0.003253776327733632,0.0,0.004897177263151764,0.0,0.007429379867319823,0.0012630782687632087,0.012280238968979961,0.0,0.004086673146397158,0.0,3.0648154253896324E-4,0.0,0.0,0.013197059739978865,0.0,0.002981552166167331,0.0,0.0,0.9089578433368114,0.0,0.0,0.0],[0.31361434200562255,0.2670197554444468,0.7313366400304177,0.6498497244156858,0.6452269003116188,0.6534940488051196,0.6522418193700446,1.0000000000000002,0.505303320711888,0.06797666697849089,0.5589478082995968,0.0302272675422545,0.08481048726479357,0.13537840005099458,0.09211080448631859,0.11132856312226874,0.07605170358525108,0.0556824942667338,0.1360293042089426,0.14120285494431492,0.04721775532326027,0.06507381985528415,0.10224897907839686,0.11674691192842003,0.08229565080116583,0.0984131884870133,0.057173360617232036,0.0982763880793326,0.08153423085186308,0.08426425678746695,0.044922796383720584,0.482315836297423,0.7386129482635123,0.24282032829198674,0.21708037933782953,0.03485555144512654,0.24732815543244988,0.0575403481834115,0.07484318238512457,0.10756915655875054,0.0,0.1428651798638287,0.006709408394263772,0.0,2.4177941914411413E-4,0.03400639789760415,0.27655189670989916,0.0,0.020258801718731942,0.008573050501203926,0.005880759259063594,0.0,0.08097240494158059,0.012972505777585333,0.034335326115627174,0.013194789185957378,0.025672271644141514,0.008492505961456849,0.005657648931247682,0.0,0.012650205404056824,0.03440235166417005,0.013127273517129742,0.025647239617399616,0.00849753054459537,0.006228925764365477,0.0,0.013306994002582397,0.03433710990463044,0.010917449012005925,0.025679580437818043,0.008545847170295799,0.0069293258100570744,0.0,0.013103406223637913,0.03415368935092167,0.010917449012005925,0.025510823479920817,0.0,0.28116760637537147,0.14764496523448903,0.3602781003777459,0.10588298427187996,0.0,0.11892443346643182,0.13538614611398903,0.13490623208947664,0.10027582735183391,0.009613849657048442,0.3392040100863677,0.07341801386888301,0.3343772213071505,0.11655990278319561,0.11493503901972138,0.05752116991863791,0.5916317635098489,0.06286817351782321,0.07850097989395283,8.285667017186827E-4],[0.31821209114764715,0.21417534041363995,0.49340749431533903,0.0,0.0,0.0,0.0,0.505303320711888,0.9999999999999999,0.0,0.9114094060219329,0.011001122020902967,0.07576815385476257,0.04409515300238101,0.11269622973508814,0.13438189570179304,0.11066248360337914,0.06415447621003302,0.23158650818702858,4.4980465970884944E-4,0.035497433957228784,0.08683332082812188,0.14904156141874686,0.24400094287339347,0.2032879281848288,0.12112890149805532,0.05037311513202882,0.1088334867270414,0.011569125161252641,0.02380457858682956,0.009492366327263834,0.11952993373899533,0.028216821062371302,0.0046307717093921385,0.039464680568522155,0.0083216172965411,0.1555560405493383,0.024665065464448355,0.0,0.009412981400079293,0.019883577339220068,0.03986975379378169,0.03532355727580271,0.0129157075821996,0.013131734818334554,0.0,0.09869557857872734,3.2301141769227015E-4,0.0,0.004738489741463387,0.0072250006315146735,0.00585541700951482,7.162710370222911E-4,0.019587035421121567,0.020594014451457296,0.01492807253575311,0.05606303404982203,0.004731953788645873,0.007258467161541155,0.00585541700951482,0.019519626484044674,0.020744430330329786,0.015224512388208163,0.055850190103462906,0.004758416082475893,0.006309851591425668,0.006966440049880587,0.019967271550963214,0.02088910921331477,0.012615450031946352,0.05588787026789158,0.004705317973715158,0.006648781290816495,0.006966440049880587,0.01993828561672117,0.020858737829005304,0.012615450031946352,0.056067135803649866,0.0,0.5823975610852172,0.0686715433370533,0.4187931473580067,0.14189809850471843,0.09474547898298155,0.20741641625196786,0.0,0.07449013753549226,0.09320526390752872,0.0342764132387479,0.8830588630240499,0.051544175414318195,0.10203073029031422,0.03936247197925114,0.043301613424341655,0.05414517159224154,0.0345731118655609,0.06464486750647754,0.0044679351515891285,0.043076429950522376],[0.0,0.7976977053764098,0.04322306786199949,0.07329831114323958,0.07119236614312074,0.09298186111012978,0.07750545320364328,0.06797666697849089,0.0,1.0,0.031173314917188402,0.7267952832519514,0.7005197734561106,0.2727825990821984,0.13973448195338953,0.12575465389267917,0.20085456369944982,0.10023914955544658,0.0,0.0,0.03441484802936304,0.11043851525689073,0.0,0.0,0.03122859959030211,0.03722002568767749,0.01980656411719906,0.09120388957072231,0.0,0.003899807071411185,0.0,0.05460055671074961,0.16354543121902132,0.04701537519330125,0.0499778824188167,0.04978996203715056,0.02880472259792055,0.0,0.06476687202717067,0.17668531315622785,0.004518525153507156,0.0,0.023636807122585105,0.0,0.016213732007560988,0.028760739749628558,0.004165391630338314,0.016584654694987728,0.014392153911001295,0.01047172844745743,0.0015175924929318458,0.0,0.0,0.0010269483166517965,0.056259666241419586,0.005835029657851857,0.06530157427966861,0.010443907553718046,0.0012460343747471604,0.0,0.001058048321825574,0.05631819899895124,0.005862716250832732,0.06516749947572359,0.010464054192979114,9.277376873177777E-4,0.0,4.160164413201589E-4,0.05634648479534857,0.0,0.06520075629955026,0.010428139571355237,4.967537442028895E-4,0.0,4.4276660788079484E-4,0.056322644830273015,0.0,0.0652361796054951,0.0,0.0,0.0,0.03286569282153167,0.2530998555191896,0.12563703827214517,0.008478086448689809,0.004766730702801943,0.1432663515866196,0.22445353322552236,0.0,0.0023869639058836088,0.0,0.007247742990733439,0.0,0.0,0.0,0.2868485893286327,0.1472444518529975,0.5561619077826033,0.06865096279515204],[0.19214934489680163,0.1984491223735758,0.5480130196850331,0.0,0.0,0.0,0.0,0.5589478082995968,0.9114094060219329,0.031173314917188402,0.9999999999999999,0.0,0.06731226161460555,0.0,0.058852396865943596,0.09925550043389156,0.05809796649956085,0.025202234153021755,0.20040719299239845,0.0,0.024946460146641283,0.06679860452440055,0.11005471182396376,0.1748364783603807,0.06205555664024474,0.09996419046178046,0.04345845181283676,0.06753111078939283,0.0,0.030251946653723227,0.014347627824517914,0.09837886122938976,0.03883223851776387,0.26514918681796473,0.041853140839812,0.0034715404087488576,0.18245483360513853,0.01876770038446696,0.0,0.0,0.02356432873622618,0.0,0.04298955113442679,0.01821382353430123,0.015827192919393183,0.05939514688301149,0.17172641435978822,0.0,0.0,0.041347474116497696,0.007823847313911813,0.0030919771325249538,0.0,0.01245008122204474,0.018460331183431614,0.0118288031267577,0.04391838081731202,0.04132189471688821,0.007585038634175476,0.0030919771325249538,0.012362618898545482,0.018606539127522078,0.01208734495312374,0.04361636101926607,0.04135833036714833,0.0073930078140407385,0.003996493575247382,0.012635896888233222,0.018736267351971158,0.011189576523001395,0.043746915148786106,0.041294518056792524,0.007390633040044517,0.003996493575247382,0.012589432961107025,0.01865086601068939,0.011189576523001395,0.043881670405106654,0.0,0.5521075738790191,0.06316594568117363,0.6305347249517139,0.1932906545985944,0.08407751342385793,0.17516953308985195,0.2546521327192889,0.13718987343785932,0.12057726800345679,0.022414929361925004,0.7956347932566993,0.07713935399597603,0.20350807826529785,0.07416242095616198,0.02694686856864689,0.04797276546497823,0.016825094870271732,0.0,0.0617060734376226,0.049662401713725796],[0.17375182977832468,0.8601233439890852,0.0,0.0,0.0,0.02547883746628209,0.0,0.0302272675422545,0.011001122020902967,0.7267952832519514,0.0,1.0000000000000002,0.9746708209955889,0.7663426004124118,0.5105781567755958,0.23064643556394887,0.5741728818917085,0.29015798577503193,0.07197464886208502,0.0,0.08911228214950714,0.12829336588320472,0.012892500654929945,0.07329082294720557,0.0,0.032233912203724326,0.08208561933432207,0.07440189895972203,5.742411855813749E-4,0.0,0.009867509283161414,0.050069730683214284,0.0,0.0,0.014114019056519721,0.0,0.0502933644398705,0.023697341809884812,0.06169667876438268,0.23559048296247528,0.0,0.026544543991762024,0.02151683795418241,0.0,0.009966959729052956,0.031184607594848097,0.0156596133684501,0.0,0.03094516814692259,0.005700110753923281,0.0010576097797983432,1.1625951291352142E-4,0.0,0.0016000556384622693,0.002568230993961784,0.0036946719693461334,0.004725706896432334,0.00571263731932974,0.0010490860874322382,1.1625951291352142E-4,0.0015889601320264923,0.0025135217604493726,0.0036117465755580885,0.004688037538820207,0.005691307412837707,7.182567144724766E-4,5.3067243815021014E-5,0.001504174578925948,0.002497858085632282,0.002135213278363503,0.004680434709192087,0.005722559701713569,8.027861057206144E-4,5.3067243815021014E-5,0.0014994397051882097,0.0024110526477779375,0.002135213278363503,0.004577167597540184,0.0,0.15836106008079,0.0,0.031734244873486146,0.09625151831350591,0.0,0.00932010864260039,0.0,0.33633589178713347,0.34824105251924,7.194648982154112E-4,0.023646258113653732,0.036538080644763216,0.0,0.019192509729474734,0.0,0.0,0.07891627424046346,0.0,0.00899050242801822,0.013631623933463574],[0.18626781326847647,0.8786886261507109,0.0,0.03298696353210811,0.0352487931538996,0.07037453609545742,0.03208227062829158,0.08481048726479357,0.07576815385476257,0.7005197734561106,0.06731226161460555,0.9746708209955889,1.0000000000000002,0.7248492280435043,0.4947008287193903,0.2935320663978603,0.5591446302326814,0.3356542265986267,0.19420586842946388,0.008135663159734775,0.11493413216300385,0.170070209822732,0.11040348488880357,0.20089933055312403,0.029028416582170175,0.1145205539684078,0.11092550217415757,0.15528439145325534,0.07022123775974919,0.05557462674991821,0.028454696491782623,0.1484794929330601,0.025421738419224328,0.013212921195198717,0.04410083994890822,0.0,0.1212923457885276,0.027123514390092737,0.06309218901575354,0.2094069271369757,0.0,0.0833189426060162,0.01482947995571695,0.0,0.004721809129399858,0.1635780129936259,0.05258478815041791,0.0,0.05802680954718396,0.013484188527052982,0.006059781594930828,0.011683126830196094,0.045390954327989244,0.005510896577796766,0.022265298435166336,0.03428841479015041,0.014568638197623728,0.01350501478194509,0.006515557056205175,0.011683126830196094,0.005505209957221127,0.022197050194194098,0.03421984404084138,0.014518879837159207,0.01348947931432647,0.005558805458360262,0.01162070052213648,0.005231394203776158,0.022212684076236104,0.033041853495434224,0.014483812898940298,0.013502638331470437,0.006370902456548783,0.01162070052213648,0.0052186447694716875,0.022238720721407843,0.033041853495434224,0.014516773438653093,0.0,0.3134530726643882,0.0553916462109881,0.19063934532523716,0.1582937913364577,0.0,0.0838493176575117,0.0,0.3686133198948323,0.40604128078525015,0.01198864577417211,0.09475032764051727,0.06985229280923248,0.037403933838730384,0.05937128876910253,0.0027284388604147418,0.017902166523308727,0.13350506553491584,2.4243321016445573E-4,0.0,0.0],[0.25667413416141566,0.4549632869346149,0.11915990966268641,0.0,0.0,0.04387016583115921,0.0,0.13537840005099458,0.04409515300238101,0.2727825990821984,0.0,0.7663426004124118,0.7248492280435043,1.0,0.8293711660172637,0.31532703002885265,0.8533491806462611,0.3782852002154527,0.0756392847591298,0.043518846398806516,0.17655143660046885,0.2436492285956567,0.007846846322981153,0.09249007459424607,0.0,0.03243498170961497,0.15627784682987567,0.1566482802461954,0.03781503648577472,0.008420486222782693,0.033628746361394284,0.12528380400241787,0.016926156931286514,0.0,0.10005866565619582,0.12528565201903566,0.050125700509278046,0.03263145083728538,0.13564485572721677,0.4411169165768987,0.0,0.09355247670679326,0.0,0.013020690620612167,0.0,0.0,0.048711345633413256,0.0023123865809304613,0.08250977894007468,0.014655884486287298,0.0016425469693972696,0.005354405851954128,0.09044140341848071,0.006530296116037966,0.0,0.01378934058947287,0.018499745743995256,0.014655103693779713,0.0014797925491539363,0.005354405851954128,0.006409666658737891,0.0,0.013348016148762593,0.018402936615464632,0.014619043642481693,0.0023428640363817757,0.005297458946820087,0.00606557207801168,0.0,0.008002225529488314,0.01838270757317828,0.014728608349550315,0.0026062871173710973,0.005297458946820087,0.005983038300930723,0.0,0.008002225529488314,0.018251721840455613,0.0,0.18849051888398036,0.08289382790246938,0.0,0.11472585666962405,0.0,0.0,0.004251280113954377,0.4460700179477642,0.3812046390865832,0.04573565040955526,0.0,0.0063428493997496485,0.036779450642779675,0.04845387889349485,0.0,0.0,0.0,0.0,0.0,0.0],[0.09778271843495913,0.1761211042346251,0.004912207315927671,0.004813447998061837,0.005313869295851075,0.04710827466364002,0.005370631763446358,0.09211080448631859,0.11269622973508814,0.13973448195338953,0.058852396865943596,0.5105781567755958,0.4947008287193903,0.8293711660172637,1.0,0.30903438277905537,0.9960247520293705,0.3547016205672907,0.19416776627935725,0.07786422915534436,0.12126913048043972,0.22271318747962085,0.11191232854201444,0.2231627266185936,0.010168612005895753,0.12882061039813686,0.10286445575887787,0.21497819672109203,0.005441413156872967,0.006503858798990719,0.02326741680624594,0.196466732114232,0.003985492053139792,0.006737902636828489,0.08749149254663675,0.07341381038874857,0.0840792884555427,0.0,0.0882962152904172,0.3513465448120832,0.012995835551200772,0.0,0.018051018894776057,0.01944917157167295,0.007447363611813952,0.0,0.0,0.0019209670606203284,0.010089966409458435,4.445320747834573E-4,0.00361048795612125,0.0014979313777302393,0.0815974565355394,0.0,0.028699235605495508,0.024251000451534298,0.02435280343512222,4.151586728438971E-4,0.0036934772958227497,0.0014979313777302393,0.0,0.028685627212474488,0.024140500247204703,0.023964723381923774,4.1915052538813054E-4,0.0036619338118308153,0.0010848581069497207,0.0,0.02878816588392566,0.01390075488056089,0.02411190703159169,4.8229275021610045E-4,0.003694150357227577,0.0010848581069497207,0.0,0.02869205110106313,0.01390075488056089,0.02417167033903793,0.0,0.38825765921431304,0.0,0.052702311014408344,0.2411419275039545,0.09732501721153217,0.07599796689137946,0.10457040670727287,0.28233297635518967,0.22849912100950137,0.0,7.013692698923798E-4,0.0,0.0,0.0,0.0,0.03595148216937111,0.0062009748316553615,0.048205106184266516,0.07269139513321189,0.005528449327991158],[0.15892598963254845,0.20608314785999512,0.05291493222306026,0.0070902047093805475,0.007682665631078331,0.02848850648253365,0.007370437825713059,0.11132856312226874,0.13438189570179304,0.12575465389267917,0.09925550043389156,0.23064643556394887,0.2935320663978603,0.31532703002885265,0.30903438277905537,1.0,0.3184186207841956,0.9555149930826762,0.268147921381642,0.08945768633644653,0.9285055967303726,0.9245909449069883,0.8336519245356353,0.7996878241389445,0.08918094712267073,0.8777483049760767,0.9130495038351488,0.38910708130635946,0.13708403781217168,0.13600258490853545,0.025712184946131277,0.2400087421923315,0.03803824282706867,0.028439771171850935,0.17570352205158907,0.25156698025886426,0.08489931201102913,0.014180688225739318,0.1491371762420504,0.28918480468734453,0.028310428773900876,0.06849388238816619,0.07889988824520378,0.04358723732804503,0.020044075452656837,0.008436790491668721,0.042718498607527675,0.019915116209458912,0.06208269987417313,0.017626761803202873,0.0033934123976556187,0.0013928441654138422,0.060109871561298864,0.004272199424531416,0.025147829041222255,0.035717998248600454,0.03727701647535688,0.017638453602604902,0.003929416313074765,0.0013928441654138422,0.004289508429134513,0.02504045172354202,0.03550669396076285,0.03701528542467805,0.01764606614709028,0.002093274350169264,0.0015811900558239723,0.0038959864379087845,0.025095712667924607,0.028326179382228152,0.03714044178465155,0.017607388376395198,0.0028887372047623925,0.0015811900558239723,0.0039002738424871704,0.025189684471756273,0.028326179382228152,0.037150869471409255,0.0,0.36074762850631703,0.1844782938156885,0.17110787567014007,0.3231564217282179,0.08756767699282515,0.29113445712231206,0.0,0.22033932053131966,0.35332702268185395,0.02656621656991563,0.07298250732335729,0.06080079975749982,0.1373001650464284,0.7265480612792304,0.0134256868828233,0.009782166409404384,0.06009177859784593,0.03363934835489075,0.05079047745987005,0.028743095579620296],[0.10766556267608153,0.23963966142483276,0.0,0.0,0.0,0.03829920895172645,0.0,0.07605170358525108,0.11066248360337914,0.20085456369944982,0.05809796649956085,0.5741728818917085,0.5591446302326814,0.8533491806462611,0.9960247520293705,0.3184186207841956,1.0000000000000002,0.3701356088700697,0.20050940648828058,0.06749210980228815,0.1244889146369658,0.2224434885564293,0.11390675975224349,0.23056880559833978,0.010832632422393264,0.13267821407139374,0.109318079703105,0.19869978375719471,0.002315093807616848,0.0030903993051576246,0.02133663197918897,0.185038174249412,0.0,0.0,0.07102843970310806,0.04993400611485,0.08109333689108911,0.0,0.07364573976519723,0.33599792935358197,0.016037290737696556,0.0,0.015884127655996845,0.022754694655298145,0.010104629394933987,0.0,0.0,0.004742636961658389,0.02892563003675279,0.005567784769212163,0.003710263937348298,0.0014133332330829001,0.07769815773821388,1.145436393980986E-4,0.028794313090570817,0.03056419233802702,0.02962756951938962,0.005545939039464292,0.0038196945861483983,0.0014133332330829001,1.7128381352440474E-4,0.02874781428624006,0.030406980669166184,0.02925522241044475,0.005548303022477995,0.0035211231304704484,9.823274710773864E-4,0.0,0.02883811429277722,0.020846871521070558,0.02938275856112054,0.005606323643261751,0.0036114278203408096,9.823274710773864E-4,0.0,0.02879431337529088,0.020846871521070558,0.029461907223423595,0.0,0.39518843407131804,0.006330116958974015,0.06505040873845008,0.26253874031593477,0.11240814438101815,0.07124041614846809,0.0952947859360637,0.3159419507419821,0.26812588184221436,0.0,0.007836405751911989,0.0,0.0,0.0,0.0,0.0296653465427847,0.012406772410885681,0.045249692834335886,0.08305261130630465,0.00628597034137408],[0.1411407530281341,0.1822156753668973,0.03196641719517561,0.0,0.0,0.011890705227866328,0.0,0.0556824942667338,0.06415447621003302,0.10023914955544658,0.025202234153021755,0.29015798577503193,0.3356542265986267,0.3782852002154527,0.3547016205672907,0.9555149930826762,0.3701356088700697,1.0,0.23338180776903103,0.041153019557139806,0.9191970865059362,0.8305663228212208,0.7709805254104357,0.7697179446019224,0.03624482102246798,0.8242147612785832,0.9345235592061868,0.2084212904001694,0.10441329024693329,0.09217516901278908,0.043994028407531395,0.14964086916625213,0.0276643109454642,0.00308519671365692,0.031188373607526323,0.0375203846306171,0.07304107056832936,0.0,0.020899132478847712,0.11448406959754008,0.02473855329100321,0.049254031004094596,0.023176477756756686,0.033988450273163766,0.005063951375844121,0.006722977391632486,0.01448138680134481,0.01129807111030182,0.048125788308044724,0.011721202351176104,0.002109807491427918,0.001062107916073778,0.06232576286188628,0.001763569148368675,0.009158425178512055,0.023645144430086477,0.011678514633791806,0.011727368650064043,0.00261735120742977,0.001062107916073778,0.0017687125943635367,0.009070857128064182,0.02345436626160707,0.011518249687040877,0.011722552535093926,0.0013363409612892406,0.0010340923493556162,0.0013142062981476735,0.009099939655066452,0.01917292929577006,0.011609538967640106,0.01171778633170948,0.00205536429620289,0.0010340923493556162,0.0013141531554053075,0.009130471987312067,0.01917292929577006,0.011549958722011167,0.0,0.3084039324542075,0.0846368983784367,0.09969100398487668,0.20164529909758064,0.010065212472282202,0.15879222056487685,0.0,0.1902949259274735,0.2811285749905553,0.03631790214892041,0.0,0.03946241159808336,0.055504603085962924,0.7892824934396208,0.0,0.0,0.03695163545041926,0.008470276828630805,0.013864298447247085,0.011523810903317042],[0.2348484163734209,0.11332829520035397,0.10394123579649188,0.002426287598214644,0.0070487918259650685,0.005175180228010481,0.0025123473245791637,0.1360293042089426,0.23158650818702858,0.0,0.20040719299239845,0.07197464886208502,0.19420586842946388,0.0756392847591298,0.19416776627935725,0.268147921381642,0.20050940648828058,0.23338180776903103,1.0,0.0,0.11297706502548473,0.20411368280479897,0.39923110822705127,0.6251576350232444,0.3756350980066004,0.3192381608496479,0.10896758119952955,0.22840173284866278,0.0,0.0,0.14473850664907573,0.297174472346068,0.0,0.10282620835269925,0.07319220690684074,1.0082097338313299E-5,0.5188836695683916,0.06367789751344571,0.032455383877434234,0.0,0.051022012112144674,0.26141137214938237,0.033595921090755085,0.06624032458592351,0.023875702755551908,0.036759552848203786,0.4171431960030804,0.0,0.192902885817608,0.07180495781277287,0.0121059731805502,0.009313338840921498,0.11655432180663636,0.015463835503216353,0.03610724455024833,0.03383427046849021,0.07538345762115373,0.0718032654913769,0.015495780108222603,0.009313338840921498,0.015389433085206924,0.03634817416350022,0.03414698298453029,0.0754603019176522,0.07194285587445459,0.012606168716005556,0.009280126408497623,0.014257233192294102,0.03659167400262443,0.028271653938641325,0.07534789608207963,0.07162803548382685,0.017732897294724853,0.009280126408497623,0.014225303504248986,0.03784525715244795,0.028271653938641325,0.0766345112996009,0.0,0.7473506690118388,0.24131219669336862,0.5590001998539107,0.4669028806728606,0.0,0.3603980697823569,0.24624007339382445,0.3361272369650374,0.37357078623339796,0.0,0.19177126803318045,0.36365019706159285,0.23459550777994131,0.31037918925012614,0.3243005474741215,0.6476023384371845,0.029371117509467564,0.4113522487044158,0.017280988802726917,0.07028885096743089],[0.5083904998462945,9.817293822439884E-4,0.08779108006100876,0.0,0.0,7.030986758755526E-5,0.0,0.14120285494431492,4.4980465970884944E-4,0.0,0.0,0.0,0.008135663159734775,0.043518846398806516,0.07786422915534436,0.08945768633644653,0.06749210980228815,0.041153019557139806,0.0,1.0,0.05412252639658573,0.032377805485102606,0.06062378977581531,0.018812564951686355,0.26905186187605046,0.11679589497758736,0.07300698504804107,0.0,0.0,0.10162032086090547,0.018232152436661465,0.22864231469221852,0.0318671371146711,0.010038403411223144,0.010956481020686904,0.00963080084431917,0.0,0.0,0.0,0.037784860707021646,0.0,0.011336325843762516,0.09321785044524125,0.0,0.0154423639225837,0.4772252737399362,0.0,0.04610158707072313,0.006315943734747558,0.002511988512896321,0.010147845593176254,0.004584477106274594,0.1434830083627605,0.0,0.017420405871565705,0.012624359667388865,0.003109090377798823,0.0024899869747105332,0.010855100513245203,0.004584477106274594,0.0,0.017284062288917067,0.01228717169153207,0.0024608096646956115,0.0024844863587343002,0.010789424745393671,0.005246333469339689,0.0,0.01741393865684849,0.010630215522916469,0.002739973451181551,0.0026023451282897177,0.011587015577928909,0.005246333469339689,0.0,0.017268793833950847,0.010630215522916469,0.002770339299895942,0.0,0.0,0.01173358202637534,0.006392823754117441,0.07824372819053661,0.26210926455567374,0.06473216308438826,0.01760293541042388,0.0,0.0,0.055381337465095645,0.0,0.10137151306789938,0.0415428783825211,0.0,0.19165379692896795,0.0,0.05820630904031508,0.0632194973448253,0.0,0.13803589524134552],[0.07623304514985184,0.07186747494934698,0.0320431962278888,0.0,0.0,0.01008164764214649,0.0,0.04721775532326027,0.035497433957228784,0.03441484802936304,0.024946460146641283,0.08911228214950714,0.11493413216300385,0.17655143660046885,0.12126913048043972,0.9285055967303726,0.1244889146369658,0.9191970865059362,0.11297706502548473,0.05412252639658573,1.0000000000000002,0.9293671210942649,0.6891345057902608,0.6443922162221594,0.0,0.7618976555603418,0.9845697020898598,0.2053302003098619,0.0013173409535351972,0.0,0.02077966969766,0.0820257524305361,0.0265837862765