{"classNames":["net.sourceforge.cobertura.ant.AntUtil","net.sourceforge.cobertura.ant.CheckTask","net.sourceforge.cobertura.ant.CommonMatchingTask","net.sourceforge.cobertura.ant.ExcludeClasses","net.sourceforge.cobertura.ant.Ignore","net.sourceforge.cobertura.ant.IgnoreBranches","net.sourceforge.cobertura.ant.IncludeClasses","net.sourceforge.cobertura.ant.InstrumentTask","net.sourceforge.cobertura.ant.MergeTask","net.sourceforge.cobertura.ant.Regex","net.sourceforge.cobertura.ant.ReportTask","net.sourceforge.cobertura.check.CoverageRate","net.sourceforge.cobertura.check.Main","net.sourceforge.cobertura.check.PackageCoverage","net.sourceforge.cobertura.coveragedata.BranchCoverageData","net.sourceforge.cobertura.coveragedata.ClassData","net.sourceforge.cobertura.coveragedata.CoverageData","net.sourceforge.cobertura.coveragedata.CoverageDataContainer","net.sourceforge.cobertura.coveragedata.CoverageDataFileHandler","net.sourceforge.cobertura.coveragedata.HasBeenInstrumented","net.sourceforge.cobertura.coveragedata.JumpData","net.sourceforge.cobertura.coveragedata.LineData","net.sourceforge.cobertura.coveragedata.PackageData","net.sourceforge.cobertura.coveragedata.ProjectData","net.sourceforge.cobertura.coveragedata.SaveTimer","net.sourceforge.cobertura.coveragedata.SourceFileData","net.sourceforge.cobertura.coveragedata.SwitchData","net.sourceforge.cobertura.coveragedata.TouchCollector","net.sourceforge.cobertura.coveragedata.countermaps.AtomicCounterMap","net.sourceforge.cobertura.coveragedata.countermaps.CounterMap","net.sourceforge.cobertura.instrument.Archive","net.sourceforge.cobertura.instrument.ClassInstrumenter","net.sourceforge.cobertura.instrument.ClassPattern","net.sourceforge.cobertura.instrument.CoberturaFile","net.sourceforge.cobertura.instrument.FirstPassMethodInstrumenter","net.sourceforge.cobertura.instrument.JumpHolder","net.sourceforge.cobertura.instrument.Main","net.sourceforge.cobertura.instrument.NewLocalVariableMethodAdapter","net.sourceforge.cobertura.instrument.SecondPassMethodInstrumenter","net.sourceforge.cobertura.instrument.SwitchHolder","net.sourceforge.cobertura.javancss.FunctionMetric","net.sourceforge.cobertura.javancss.Javancss","net.sourceforge.cobertura.javancss.Metric","net.sourceforge.cobertura.javancss.ObjectMetric","net.sourceforge.cobertura.javancss.PackageMetric","net.sourceforge.cobertura.javancss.ccl.Exitable","net.sourceforge.cobertura.javancss.ccl.FileUtil","net.sourceforge.cobertura.javancss.ccl.Init","net.sourceforge.cobertura.javancss.ccl.Util","net.sourceforge.cobertura.javancss.parser.JavaCharStream","net.sourceforge.cobertura.javancss.parser.JavaParser","net.sourceforge.cobertura.javancss.parser.JavaParserConstants","net.sourceforge.cobertura.javancss.parser.JavaParserInterface","net.sourceforge.cobertura.javancss.parser.JavaParserTokenManager","net.sourceforge.cobertura.javancss.parser.ParseException","net.sourceforge.cobertura.javancss.parser.Token","net.sourceforge.cobertura.javancss.parser.TokenMgrError","net.sourceforge.cobertura.javancss.parser.debug.JavaCharStream","net.sourceforge.cobertura.javancss.parser.debug.JavaParserDebug","net.sourceforge.cobertura.javancss.parser.debug.JavaParserDebugConstants","net.sourceforge.cobertura.javancss.parser.debug.JavaParserDebugTokenManager","net.sourceforge.cobertura.javancss.parser.debug.ParseException","net.sourceforge.cobertura.javancss.parser.debug.Token","net.sourceforge.cobertura.javancss.parser.debug.TokenMgrError","net.sourceforge.cobertura.javancss.parser.java15.JavaCharStream","net.sourceforge.cobertura.javancss.parser.java15.JavaParser15","net.sourceforge.cobertura.javancss.parser.java15.JavaParser15Constants","net.sourceforge.cobertura.javancss.parser.java15.JavaParser15TokenManager","net.sourceforge.cobertura.javancss.parser.java15.ParseException","net.sourceforge.cobertura.javancss.parser.java15.Token","net.sourceforge.cobertura.javancss.parser.java15.TokenMgrError","net.sourceforge.cobertura.javancss.parser.java15.debug.JavaCharStream","net.sourceforge.cobertura.javancss.parser.java15.debug.JavaParser15Debug","net.sourceforge.cobertura.javancss.parser.java15.debug.JavaParser15DebugConstants","net.sourceforge.cobertura.javancss.parser.java15.debug.JavaParser15DebugTokenManager","net.sourceforge.cobertura.javancss.parser.java15.debug.ParseException","net.sourceforge.cobertura.javancss.parser.java15.debug.Token","net.sourceforge.cobertura.javancss.parser.java15.debug.TokenMgrError","net.sourceforge.cobertura.javancss.test.JavancssTest","net.sourceforge.cobertura.merge.Main","net.sourceforge.cobertura.reporting.ComplexityCalculator","net.sourceforge.cobertura.reporting.Main","net.sourceforge.cobertura.reporting.html.HTMLReport","net.sourceforge.cobertura.reporting.html.JavaToHtml","net.sourceforge.cobertura.reporting.html.SourceFileDataBaseNameComparator","net.sourceforge.cobertura.reporting.html.files.CopyFiles","net.sourceforge.cobertura.reporting.xml.SummaryXMLReport","net.sourceforge.cobertura.reporting.xml.XMLReport","net.sourceforge.cobertura.util.ArchiveUtil","net.sourceforge.cobertura.util.CommandLineBuilder","net.sourceforge.cobertura.util.ConfigurationUtil","net.sourceforge.cobertura.util.FileFinder","net.sourceforge.cobertura.util.FileLocker","net.sourceforge.cobertura.util.Header","net.sourceforge.cobertura.util.IOUtil","net.sourceforge.cobertura.util.RegexUtil","net.sourceforge.cobertura.util.Source","net.sourceforge.cobertura.util.StringUtil","net.sourceforge.cobertura.webapp.FlushCoberturaServlet"],"values":[[1.0000000000000002,0.11658031296090048,0.17657809136976388,0.001816919242087346,0.001840806594022805,0.001830690322695988,0.0018257112831466082,0.14209504311121496,0.19979363092663308,0.004170250222657558,0.12898043784313398,0.10031838254160445,0.1245041796966123,0.12126770547950906,0.0769318644156776,0.11204756668017335,0.08888500233976686,0.10034522744785292,0.11451371806265888,0.16108920186782377,0.05895064522454257,0.06125495250856221,0.07989487813516122,0.13631002448153767,0.17864631617593782,0.07807320743176795,0.07920176350837715,0.05077476017061396,0.023407354684029016,0.02682965794386314,0.01103967322030991,0.05057743788845161,0.006960901313286134,0.007691583659880847,0.02725276317033123,0.00416859053345735,0.03764166624399929,0.04805080263709234,0.029540881000122768,0.002152835969710476,0.024626273248802892,0.02062648426347608,0.007004355119772323,0.013384541756062185,0.010144258860726996,0.003309272776752844,0.07056017751653537,0.0018711647372610246,0.03251184678215042,0.0035141801420607243,0.003285326266268591,0.0013743843002415458,0.02677928266113115,8.592119646502538E-4,0.012593859350959259,0.011735420803952006,0.007820028105112424,0.003498401156381486,0.003817172702159701,0.0013743843002415458,8.592197892177783E-4,0.012590153727600856,0.011676048382642606,0.0076636885028262495,0.003497774279384823,0.002381751123912836,0.0012992279834557014,7.34236403869759E-4,0.012632496419865387,0.010530639852610523,0.007719963554928125,0.0035304457896652656,0.003236618483941208,0.0012992279834557014,7.342387622580478E-4,0.012595020357872931,0.010530639852610523,0.007738426482974267,0.0,0.12986356525858347,0.030847339437530194,0.06293487437154183,0.06402494844368586,0.006782029673386826,0.04767236944195521,0.006008592949089558,0.056749836051609694,0.07488226545643964,0.008818995348498997,0.07038787253473033,0.20747505784839168,0.03894859525712288,0.04362692331090146,0.004265115379381614,0.02029852290396984,0.033241782117303824,0.013958030826299919,0.012660476762881328,0.003229766948389831],[0.11658031296090048,1.0000000000000002,0.08928971825736917,0.1700164490966394,0.17225168479679953,0.19856450957193428,0.1708391557786108,0.2028953235261659,0.15798036013330358,0.4581780878765125,0.11563909813502986,0.5734312476015777,0.5931660206886422,0.15026846376148803,0.20643334076316217,0.18262249364178793,0.23199567510954322,0.09161587542720646,0.059978411084928136,0.0021790483503072106,0.059536856974703595,0.10831973327126214,0.06219690032032568,0.07517192872742585,0.0386332812363161,0.06222582558545619,0.04785783156949671,0.07909622667223135,0.017354540663940644,0.028135509113188684,0.011734728903450424,0.11243920785262687,0.11149724050506447,0.01194550582544093,0.06070389323148099,0.013255867302758432,0.07326483541917339,0.01322944151946968,0.054872444918245285,0.16186998433536273,0.003718431592565105,0.023056885611749754,0.009151688853455915,0.0032452046184869316,0.0015693547336478437,0.014473874595204215,0.038712653299769785,0.007868610130181641,0.028076703395658896,0.006257227417401513,0.0019030092855695,6.489533540395505E-4,0.007241237210788146,0.0072498814029551585,0.017882763423892844,0.01793077377575883,0.02175507555734537,0.006253923059813478,0.001992220927559148,6.489533540395505E-4,0.007249947425293332,0.017877501590797217,0.01792233746509601,0.0216773917866235,0.00625280242202525,0.002141091726540558,6.157744762003152E-4,0.007669733390890424,0.01789246395461404,0.014119207285064078,0.02165496638343311,0.006261407116648956,0.0023431978916479195,6.157744762003152E-4,0.007669758026297006,0.01788441200606712,0.014119207285064078,0.02170675601732244,0.0,0.14008086157691696,0.026302667829036126,0.10046262512582066,0.07438653261148026,0.0194159419810358,0.07205404372323668,0.0036138014878493233,0.15728876177869852,0.1871750161591182,0.00966704308279789,0.10741709729843275,0.0894880592305623,0.03751884894207465,0.028367599197272435,0.011742608423297758,0.015058193030590866,0.11262250220260453,0.08175520198529804,0.01654130145583969,0.004326087089393335],[0.17657809136976388,0.08928971825736917,1.0,0.019813636186411594,0.010617989302936635,0.010559637458106275,0.02529863703564863,0.5030964602987432,0.30486387441448126,0.015094096386405537,0.2640362967581804,0.00207120666093234,0.026170989782301132,0.0055648827381573,0.001920729731511325,0.041852951943930766,0.004202832782590172,0.02655183025596628,0.10424435076805068,0.005473541287078576,0.004252046897597765,0.01832279379889001,0.05995724656039105,0.09284358523465865,0.06393907887205086,0.056520757860770966,0.011859798508087499,0.016834784671779058,0.017682427211320826,0.004955759743767052,0.030762471791750512,0.06346443090015966,0.1604716993350504,0.089113256438735,0.0225930457837399,0.009009806218006696,0.11484280466479575,0.02279357227786059,0.011111313879795585,0.006596873958232511,0.005108807796497042,0.06616685218416138,0.007222502455022247,0.004938343680282544,0.0025669208364677873,0.023330877121604733,0.16465565461952705,0.0036336192858893545,0.04905729750293985,0.012879837726850602,0.007338940999946247,0.005043228028848388,0.020719827243978767,0.015683884796557666,0.02831713759016465,0.01821560438249451,0.026728013958534413,0.012873822554382243,0.006661738187585536,0.005043228028848388,0.015064941064669633,0.028334258852155087,0.018232278598111218,0.02660464005312416,0.012882104076457734,0.0065005883949894065,0.0058682586227656,0.01524741357842155,0.02838706592862656,0.01987488419732758,0.0265910826764424,0.012877068464823338,0.007368418287883844,0.0058682586227656,0.01488286887531181,0.028447063846415196,0.01987488419732758,0.026745956777920122,0.0,0.16848646724322502,0.05694932786567791,0.15700138974645655,0.07137215828463893,0.022011600039169944,0.0568186766676049,0.0720319561775931,0.0536286720372691,0.051947867710413105,0.02204603095379443,0.14929500401834916,0.03682363804927044,0.21823133568357833,0.0574803399205836,0.02227361334304783,0.042426277074075716,0.0575600990112621,0.04623779782512795,0.04227828899773376,0.009320656640848858],[0.001816919242087346,0.1700164490966394,0.019813636186411594,1.0000000000000002,0.967378803162988,0.962062510577683,0.9594459307927825,0.525952652916267,0.00248968022898363,0.05376602845761888,0.003946171267385473,1.589471700792474E-4,0.024501925993869078,2.546848491698197E-4,3.3881596953141654E-4,0.0025158532859465323,3.1920855466796875E-4,6.270952516154319E-4,3.341278384069496E-5,8.378709845146967E-4,4.090291231615456E-4,0.0013536830671179785,0.003279706109409868,0.002777680366543769,0.0,0.0033880061463356726,2.9612300597296233E-4,8.857201783312821E-4,5.066376650803587E-4,0.0,0.00147069355842136,0.29906638949767933,0.5949301199636364,0.00221165402021044,0.15072886951027417,2.599645912955269E-4,0.09817578367468777,6.853350258376065E-4,0.013533754920191224,1.9458385642288646E-4,0.0,9.951667175909903E-4,0.0014509563591268261,0.0,0.0,0.00442835500778843,0.0029535727913359727,2.716065170755002E-4,0.005277344198900296,6.799992841131182E-4,6.138480164830764E-5,4.058923601152884E-5,0.0014331621602852664,0.0012110917335457583,0.0028762651295349967,0.002380392565434197,0.002820124169440947,6.801677731607204E-4,6.46524775186692E-5,4.058923601152884E-5,0.0012111027625698915,0.002875418815865454,0.002381848735957227,0.0028154761266390694,6.80045894190207E-4,7.740338508873045E-5,3.874713555665034E-5,0.0010672889286106515,0.0028759482987126303,0.002233416825343526,0.002809852615784141,6.79926109585777E-4,8.27541758162307E-5,3.874713555665034E-5,0.0010672923567727937,0.0028765302876261937,0.002233416825343526,0.0028165726095126893,0.0,4.814554939996398E-4,5.307767671792956E-4,0.0031548897139430463,0.0019111264508305044,0.0021321071938451256,0.0,1.5172501673214517E-4,7.008767344089616E-4,0.0018537154112151448,7.704589862753806E-4,0.0013794893580268332,0.0017289749188152453,0.00295102970290376,2.1700878311983505E-4,0.0023182913128946036,0.0,0.5147942977084256,8.441500460764225E-4,0.0050901692540690656,2.894435025141198E-4],[0.001840806594022805,0.17225168479679953,0.010617989302936635,0.967378803162988,1.0,0.9945044355242397,0.9720599326041965,0.5242908368092224,0.002522412486125222,0.054472899745088135,0.003998052264447786,1.610368760507596E-4,0.024824057058216154,2.580332349881926E-4,3.432704417590158E-4,0.0025489296447989496,3.2340524481674497E-4,6.35339781489479E-4,3.3852067496276465E-5,8.488866194506582E-4,4.144066998794383E-4,0.0013714801728341418,0.003322824973617799,0.00281419901136901,0.0,0.003432548849883536,3.000161864150886E-4,8.973648949068599E-4,5.132985182047293E-4,0.0,0.001490029021331859,0.3456507687701501,0.5666299479824138,0.002240731018632276,0.17429679567503448,2.6338239079797253E-4,0.10426180031102154,6.943452441098468E-4,0.015586594604479172,1.9714208408132193E-4,0.0,0.00100825034677285,0.0014700323336596342,0.0,0.0,0.004486575357996248,0.002992403924328545,2.751773749923246E-4,0.005346726357023668,6.889393524650767E-4,6.219183826638105E-5,4.112286972668006E-5,0.0014520041914042716,0.0013484457035665954,0.002914079885309794,0.002411687998732585,0.0028572008302904673,6.891100566673671E-4,6.550247483731236E-5,4.112286972668006E-5,0.0013484579834292787,0.0029132224450078713,0.0024131633137816633,0.0028524916788649174,6.889865753329211E-4,7.842102079745135E-5,3.925655085810342E-5,0.001200510964370819,0.002913758889057736,0.00226277994313399,0.00284679423473889,6.888652158995522E-4,8.384215929730564E-5,3.925655085810342E-5,0.0012005148204459223,0.002914348529480336,0.00226277994313399,0.0028536025773887672,0.0,4.877852727586265E-4,0.002937261211561403,0.017895984460063134,0.0019362523612522426,0.002160138376366148,0.0,1.537197718030399E-4,7.100912822160907E-4,0.0018780865287576418,7.805883439974882E-4,0.0013976257435191462,0.001751706051499964,0.002989827401475569,0.0016695172059950786,0.002348770290269651,0.0,0.5215623874937807,8.552482329233174E-4,0.005157090590777455,2.9324886636804634E-4],[0.001830690322695988,0.19856450957193428,0.010559637458106275,0.962062510577683,0.9945044355242397,1.0,0.9667179145702279,0.535809746618568,0.00250855040567076,0.07728606609333136,0.003976080710448071,0.025579731765482637,0.0478373234558736,0.04777541557077239,0.045495588343162356,0.028258797900344995,0.025846295514601162,0.007825230982614138,3.3666031276687816E-5,8.442215083002281E-4,0.016270035575648174,0.021484155732059064,0.0033045641747317432,0.002798733399252667,0.0,0.003413685056361693,0.012325639930341518,0.020078807516596932,5.104776531018092E-4,0.0,0.0014818404707725985,0.35556091920676386,0.563515996569357,0.0022284169368474867,0.1770169931022551,2.619349558873673E-4,0.10617502964513229,6.905294250527152E-4,0.03245911817370618,0.062433591799646866,0.0,0.001002709441984052,0.001461953676189308,0.0,0.0,0.004461919093833909,0.0029759589756261024,2.7366511998557993E-4,0.005317343077596405,6.851532418336653E-4,6.185005900927946E-5,4.0896876344680826E-5,0.0014440246087520786,0.001341035233260911,0.0028980653714126463,0.002398434411839125,0.002841498898908486,6.853230079200055E-4,6.514250176348132E-5,4.0896876344680826E-5,0.001341047445638817,0.0028972126432291866,0.002399901619199228,0.002836815626928219,6.852002051851944E-4,7.799005302134308E-5,3.904081395177823E-5,0.001193913478962754,0.002897746139216188,0.002250344690060815,0.0028311494934737313,6.850795126904165E-4,8.338139930504268E-5,3.904081395177823E-5,0.0011939173138465478,0.002898332539231829,0.002250344690060815,0.0028379204204376056,0.0,4.85104617342105E-4,0.0029211193031957712,0.017797635923632097,0.007900204979426504,0.0021482671966420092,0.0,1.5287499488590085E-4,0.022089973825029276,0.015505706545740518,7.762985704244227E-4,0.0013899450011332021,0.0017420794379521987,0.002973396612218062,0.0016603422665490378,0.002335862471700781,0.0,0.5186961077651574,8.505481611166864E-4,0.0051287494669311415,2.916372983156273E-4],[0.0018257112831466082,0.1708391557786108,0.02529863703564863,0.9594459307927825,0.9720599326041965,0.9667179145702279,1.0,0.5275445553817406,0.0025017277489229515,0.054026201347414746,0.003965266722484982,1.59716312709871E-4,0.02462049039362734,2.559172647879951E-4,3.4045549419846625E-4,0.0025280274568589773,3.2075319939069304E-4,6.301297547853944E-4,3.357446772878731E-5,8.419254278421967E-4,4.1100840807510076E-4,0.0013602335162674502,0.003295576551036796,0.005683301527311711,0.0,0.003404400649983237,2.975559401213882E-4,8.900061630867353E-4,5.090892760551266E-4,0.0,0.0014778102193340917,0.30051356662847134,0.5958303861905506,0.002222356176088577,0.15145824392533938,2.612225554953194E-4,0.09776824979512158,6.886513502754143E-4,0.013599244528191126,1.9552544436768194E-4,0.0,9.999823122732478E-4,0.0014579775120673144,0.0,0.0,0.004449783741744759,0.0029678650794251332,2.7292081635452365E-4,0.005302881176982644,6.832897889886855E-4,6.168184165093914E-5,4.078564662856744E-5,0.0014400972074026992,0.0012169521856770073,0.002890183327175819,0.002391911244241769,0.0028337707019372702,6.834590933519E-4,6.496532974880228E-5,4.078564662856744E-5,0.0012169632680703994,0.0028893329182089417,0.002393374461148991,0.0028291001673359795,6.833366246111383E-4,7.777793874197402E-5,3.893463228117598E-5,0.0010724535214344704,0.0028898649632145357,0.002244224291065341,0.002823449444408456,6.832162603710614E-4,8.315462185404743E-5,3.893463228117598E-5,0.0010724569661854306,0.0028904497683624724,0.002244224291065341,0.0028302019560714218,0.0,4.8378524887899687E-4,5.333451868543052E-4,0.003170156171173692,0.0019203743589542984,0.0021424244239960375,0.0,1.5245921148639835E-4,7.042682649088558E-4,0.0018626855083038341,7.74187224097963E-4,0.0013861646833747574,0.0017373413987986281,0.002965309685034825,2.1805888490016527E-4,0.0023295094848046634,0.0,0.5172853784880437,8.482348736740603E-4,0.016259191743285162,2.908441146593433E-4],[0.14209504311121496,0.2028953235261659,0.5030964602987432,0.525952652916267,0.5242908368092224,0.535809746618568,0.5275445553817406,1.0000000000000002,0.3522235933618913,0.060817268498933146,0.3442429986254618,0.03543895674966594,0.07341163772877576,0.06902048610694285,0.06689825904391214,0.09120754016543199,0.04172520050082545,0.03151246726757351,0.1363067757866679,0.09426539015471865,0.035409776585494025,0.06768505798690627,0.0905653592537453,0.10512157669334009,0.05307452004533166,0.06449069247844581,0.03864094651671507,0.0653014881312785,0.04163819449573316,0.05512499740070904,0.03461718932191228,0.3280944865715453,0.408888093639873,0.11508427199366911,0.15952091164697677,0.0017815083157644465,0.19449076654851233,0.016824742458071435,0.03848457565796974,0.08298181540213388,0.0027875550873786383,0.06969419783760884,0.008691540936633275,0.002464341936844083,0.0019476487698316888,0.014288513191343822,0.15115604797333476,0.0018019302372830619,0.025637038151165158,0.00717707204996168,0.006122256099451129,0.0032071863561778766,0.038867338569655276,0.01098848259951292,0.026412764785923346,0.011836452431892745,0.022953347277189572,0.007177007068827832,0.00564808669302904,0.0032071863561778766,0.010591936826395658,0.026404993080978913,0.011836325253457966,0.02289963471291372,0.007175721024023594,0.005239813288144148,0.0033269683570315476,0.01007899610834562,0.026414286450088267,0.013153899031630535,0.022861820885468453,0.007178142376034801,0.0057862023901586795,0.0033269683570315476,0.009845435030780036,0.026415199734671813,0.013153899031630535,0.022916496811206687,0.0,0.21649261852852383,0.07910693102576946,0.23992749476418654,0.08037043336641617,0.01846599245568657,0.09577275612463079,0.10035875145989283,0.0837978003894631,0.06888231195611845,0.021375961256376533,0.2053177714930689,0.045775266198994885,0.1949607520527364,0.05488294601202325,0.02661133535945113,0.054867363406632425,0.2723670533626529,0.043327398182383826,0.0221612042218184,0.007889951214089997],[0.19979363092663308,0.15798036013330358,0.30486387441448126,0.00248968022898363,0.002522412486125222,0.00250855040567076,0.0025017277489229515,0.3522235933618913,1.0,0.006873324079463064,0.6591310989262228,0.004982714081814741,0.04710771897640829,0.010103597247800246,0.1011940772359788,0.10205356105806436,0.0998312115910718,0.04361166235793817,0.18156657556220754,2.954767818407039E-4,0.03156141393162596,0.06768782969509626,0.13569783723804202,0.19877904509148878,0.12966958968288023,0.09474100979874535,0.03069173318310348,0.05974062830471634,0.004199663311156146,0.013502401329610936,0.023786666697935888,0.08637904934265142,0.013610081210375954,0.02953543875926185,0.029285829402042246,0.007410356905032827,0.11048616252600736,0.017245173797912263,0.0056752658480361574,0.00504491923870508,0.011727931395197459,0.04642301646407302,0.01572113424416389,0.010504301377159415,0.004956211197154107,0.004685003219120469,0.08920711840848507,0.0030531473760508367,0.020303116021163897,0.005641864284520628,0.005444857015203302,0.005004416640637091,0.005406352192190511,0.017301582783402433,0.019379920594377383,0.01167267804293696,0.04918490769440965,0.005643262215902877,0.0054909890779108505,0.005004416640637091,0.017301740343382947,0.01937421823701884,0.011679818633924737,0.049103842626969284,0.005642251002184378,0.006082631727866164,0.006856150846797756,0.018530737715488108,0.01937778582729583,0.011242762739203443,0.04900576472481593,0.005641257165129579,0.00618749670173617,0.006856150846797756,0.018530797236749906,0.019381707196984104,0.011242762739203443,0.049122966043372684,0.0,0.41810351554783,0.07363656243479778,0.20697693908425205,0.0930498392681561,0.013145867139985518,0.14487557056650974,0.016619972733368436,0.07549021891895892,0.09102152629721748,0.017566886652478613,0.5130874437781542,0.05396482929665525,0.08089647055258567,0.04508060642451038,0.04371464114831731,0.03836197766667183,0.02770049837821297,0.035231153745477986,0.00771730826626644,0.01807908011528933],[0.004170250222657558,0.4581780878765125,0.015094096386405537,0.05376602845761888,0.054472899745088135,0.07728606609333136,0.054026201347414746,0.060817268498933146,0.006873324079463064,1.0000000000000002,0.006824421139490614,0.5097276770364427,0.4114053699487742,0.1130692150678087,0.1639709593698788,0.09260951281451824,0.18980754733836766,0.0395640084918581,0.0018072554047997163,8.900748086700163E-4,0.0413794651750274,0.08271884857178947,0.0038060968274415386,0.003692737732261954,0.0,0.00846057286563446,0.03136886729310429,0.047439384399630684,5.382038895550381E-4,0.0,0.002856758886621271,0.046446057995025845,0.0904912631487253,0.0028330137234524357,0.034123635267321206,0.011299316571988544,0.04293703115096268,8.81658380310607E-4,0.04301428356062121,0.13694311423542282,0.0,0.0013947715660896534,0.0018838828151152899,0.0,0.0,0.00470426510659099,0.012948797108496477,2.8852904944492075E-4,0.0171226272481687,0.010083864557888358,2.4361660137019094E-4,5.1020519673332086E-5,0.006165823335118137,0.0024830560519252345,0.04316956800205375,0.005261804152067689,0.05286535833526562,0.010086363120430118,2.336544115685124E-4,5.1020519673332086E-5,0.0024830786643210384,0.04315686576712684,0.0052650229842092985,0.052778227261176716,0.010084555749357606,1.294584449188784E-4,4.8705006208833295E-5,0.002041530292250383,0.0431648127206823,0.005099451932485361,0.0526728103012171,0.010082779436121111,1.592448055546499E-4,4.8705006208833295E-5,0.002041536849703237,0.04317354773266306,0.005099451932485361,0.05279878166100037,0.0,0.002794459120461247,6.330646337672494E-4,0.00468501321631333,0.12572696146963386,0.05267058107897637,0.0,1.8305047688137071E-4,0.11637624606326875,0.156960697831636,0.0010003432803925337,0.01620958213890394,0.002232827858651848,0.0038786690550653546,2.639837135062472E-4,0.002796930522831668,0.004219416355642909,0.17022443993210734,0.0010478509256794113,0.27179134944073535,0.001191275811986724],[0.12898043784313398,0.11563909813502986,0.2640362967581804,0.003946171267385473,0.003998052264447786,0.003976080710448071,0.003965266722484982,0.3442429986254618,0.6591310989262228,0.006824421139490614,1.0,0.02452767194899734,0.05795346975646025,0.027201678133107313,0.03561348626320489,0.07100922014860903,0.03902511773102876,0.03871588537512763,0.16523179120949258,0.014930870844473972,0.02202103697302889,0.04439147853865303,0.09301990657739857,0.12801160071922577,0.07661239465884645,0.08228042272299207,0.021128358525898436,0.038435587609474374,0.0042448815994455,0.007549364654760313,0.01856555699831101,0.0726606104448991,0.01244920571357294,0.1713138097199962,0.02125226722020776,0.004296998323605454,0.10414050074786457,0.017642621345572086,0.004727176994437313,0.0029357781970791226,0.007380519144310046,0.05115701880283233,0.011086271630329667,0.006533319264106587,0.003666208878868523,0.00611203834352128,0.11749905847629731,0.0018677133397869573,0.015424070153535687,0.031205233214968597,0.0046283117361944305,0.0030721100160537858,0.007555518430694473,0.011358124174130955,0.017068448736073633,0.00925034377603481,0.03365109490320552,0.03120857218084164,0.00465647209936495,0.0030721100160537858,0.011358227608932374,0.017063426507323218,0.009238443020003727,0.03355778282352966,0.03120297993017246,0.0052045711699345,0.004091627177069685,0.0120939428186735,0.017077128964805826,0.00924414647248494,0.03350964283765223,0.031206266680846324,0.005271937141938477,0.004091627177069685,0.012093981664765292,0.017070022247935215,0.00924414647248494,0.0335897839056842,0.0,0.30900594300991824,0.049723745263351535,0.41992243976370514,0.12196127299101187,0.010380783369882147,0.11899169108478433,0.14581104240527815,0.08693735603641205,0.0799325053107003,0.012898729198397862,0.36117474896972035,0.03277858115953221,0.13414603667691247,0.0319868029594176,0.02812610233392242,0.042695636588308175,0.01792113466891743,0.02813758350466353,0.04271295823372069,0.011008085887005541],[0.10031838254160445,0.5734312476015777,0.00207120666093234,1.589471700792474E-4,1.610368760507596E-4,0.025579731765482637,1.59716312709871E-4,0.03543895674966594,0.004982714081814741,0.5097276770364427,0.02452767194899734,1.0000000000000002,0.8053843344355519,0.4841947550574463,0.3916677462848051,0.16499137238072084,0.4842868396046413,0.2560222041246886,0.0777733567278966,6.526137387886854E-4,0.07690305132259047,0.12129349630754602,0.011593582340197604,0.07303998369445473,0.0,0.027820580240855108,0.05849246549122504,0.05196342679706743,1.9730883807356689E-4,0.0,0.0014520827703884077,0.043046067084367,0.001009763790488252,0.0011522551056876848,0.021926165556101444,0.012325953123676153,0.02902067868427642,2.6930921836879696E-5,0.04566298110738728,0.15053676983414946,0.0,0.0013558633704647517,0.0,0.0,0.0,0.0,0.0019844136778113916,2.1155302888389494E-4,0.012215743458586524,0.004049256268462095,0.0010620386247865608,0.0011062321473309011,0.004734766425824519,6.353238023026866E-4,0.0020673408670759557,0.0033799862033867638,0.004985274839148964,0.004050259586186401,0.0010531798742626278,0.0011062321473309011,6.353295879929779E-4,0.0020667325716838547,0.00338205386077347,0.004977058260932529,0.004049533821907576,0.0010469484472336967,0.0010560269465910402,4.0372712540880844E-4,0.0020671131421412885,0.0033030137174540975,0.004967117298938172,0.004048820529157193,0.0010822975287387256,0.0010560269465910402,4.037284221922027E-4,0.0020675314517912416,0.0033030137174540975,0.0049789965686589865,0.0,0.12046703596564076,0.01391731911649918,0.028910999021290833,0.07156805760727163,0.012216574073001755,5.812584868286852E-4,1.6965605515880994E-4,0.23849583660212223,0.24606404212661293,0.0,0.012054911230635089,6.794912760869603E-4,5.268984927802785E-4,5.314409714847133E-4,7.030370940051265E-4,0.0,6.064405454397793E-4,0.0014402497687779564,0.019880640586613527,1.9313150364595212E-4],[0.1245041796966123,0.5931660206886422,0.026170989782301132,0.024501925993869078,0.024824057058216154,0.0478373234558736,0.02462049039362734,0.07341163772877576,0.04710771897640829,0.4114053699487742,0.05795346975646025,0.8053843344355519,1.0000000000000002,0.4223945197248063,0.37721416789703893,0.23350367709051242,0.4486366995821109,0.3025443746864781,0.15770955717679122,0.0023018463330575613,0.0852282279740233,0.14978086643683386,0.08469317661279273,0.16425946135706307,0.019165318513530292,0.08523172855845484,0.07190280760049543,0.08749246063748821,0.044212932801229995,0.04843656305116001,0.0032873654731577573,0.09176116127830809,0.03518562528386325,0.0043668835195481035,0.04538157844736738,0.018240458884361037,0.09758825377377599,0.008092135209658312,0.046220358986721416,0.14234516242362147,0.0050170087644264795,0.017564054442083848,0.005971042561922683,0.006334737494049856,0.0021120770037649293,0.09714502143482628,0.01800075348462713,8.261366607661998E-4,0.027692399439297716,0.011775928205701554,0.006387510579450324,0.007710375779983873,0.019543092973914166,0.003653668739770195,0.020190936722623346,0.029883782906793666,0.015131674867626458,0.011780777091985805,0.00650776609550298,0.007710375779983873,0.003632795567994473,0.020160768405388777,0.02984934467197119,0.015058236295782387,0.0117786660996145,0.005726825053111474,0.007596662733513604,0.0032334713899319903,0.020171954626552614,0.02747237595301063,0.015063195126449285,0.01177273062044113,0.00605337459847025,0.007596662733513604,0.003221169511357993,0.020180679745958427,0.02747237595301063,0.015077499302608406,0.0,0.2571013175161209,0.03666701872490749,0.12690127072833435,0.13227928022806604,0.02054454483987862,0.05421818169060989,0.0022194796236218077,0.26035378669612863,0.26785618585495935,0.00563102369310926,0.052450369579889,0.0176726822133265,0.03903714560260982,0.02029655030259551,0.013800318773660865,0.009471350492506076,0.11881272479325443,0.013089458473029817,0.018827686010478118,0.005423159165914153],[0.12126770547950906,0.15026846376148803,0.0055648827381573,2.546848491698197E-4,2.580332349881926E-4,0.04777541557077239,2.559172647879951E-4,0.06902048610694285,0.010103597247800246,0.1130692150678087,0.027201678133107313,0.4841947550574463,0.4223945197248063,1.0000000000000002,0.3856405356654238,0.21737519697774202,0.37656099914524116,0.22112631221774912,0.06724731096785704,0.0010456985899571511,0.099876361843199,0.13981718870752383,0.01173912457730594,0.07194940512785246,0.0,0.029876361794165352,0.07601639526125757,0.09688803729274244,0.014165332923771364,0.0,0.0023267069251567754,0.06820269237788207,0.005756764840764196,0.001846285892663486,0.04137635754753316,0.022987789658463282,0.03501330096425325,0.004041501799318717,0.08614964955924635,0.28136963301982043,0.0,0.01221150485686351,0.0,0.0,8.939797048326141E-4,0.0,0.003832117105613816,3.3897647391803383E-4,0.023249595795641037,0.007553032207958213,0.0026807742127652216,0.0017725422066245458,0.010807853306070687,0.0022253642956851913,0.004300615378460581,0.007057576933966249,0.010727343771606083,0.007554903685233057,0.002653615949675731,0.0017725422066245458,0.002225384561363023,0.004299349963278785,0.007061894303980159,0.010709663290190302,0.007553549925280612,0.0020495827652507455,0.0016920972136651772,0.0021357194214898624,0.004300141650410272,0.0071842057866569045,0.010688272269600774,0.00755221942833005,0.002111110082550779,0.0016920972136651772,0.0021357262814823627,0.004301011845037035,0.0071842057866569045,0.010713834152176988,0.0,0.10647690781613954,0.022780459839032742,0.02787435013813595,0.08701245590176111,0.022963931319149596,9.313643644752874E-4,2.718439516550661E-4,0.19498919789886052,0.1687137359719408,0.0,0.024812908480559878,0.0010887651102906215,0.0055977359516848815,8.515405690912625E-4,0.0011264931370480666,0.0,0.002212642912049858,0.002307746623886371,0.03211939679589986,3.0945922378658333E-4],[0.0769318644156776,0.20643334076316217,0.001920729731511325,3.3881596953141654E-4,3.432704417590158E-4,0.045495588343162356,3.4045549419846625E-4,0.06689825904391214,0.1011940772359788,0.1639709593698788,0.03561348626320489,0.3916677462848051,0.37721416789703893,0.3856405356654238,1.0000000000000002,0.25801312617670447,0.9527689689854718,0.2487906508367995,0.13796320043242116,0.040225406967312,0.13269940124656918,0.20330292766437388,0.09911256588489056,0.1770044734341205,0.024131175816312647,0.0893652336141569,0.1055121933187553,0.12745347982588578,0.0018588003413683922,0.008530016534177863,0.029436817989375814,0.1300936742113281,0.0030885427358812913,4.985863394153606E-4,0.06551118863443259,0.042723273443156705,0.060971599620758085,0.002726756795673873,0.08337930110732428,0.28836970940751644,0.010036152880412853,0.006600321693753296,0.011837307609687944,0.021972661869264262,0.004025099941287984,0.018061536474482505,0.011278362671147488,4.509520021832905E-4,0.014165266996821272,0.0016331951876745073,0.0026172419422304757,0.0010580484347888703,0.024014009205945566,8.889261741582284E-5,0.026766154905842967,0.02214307844349839,0.022460022610681935,0.001596607926054397,0.0028120669636131036,0.0010580484347888703,1.303703051595442E-4,0.026758279219295574,0.022008761952710648,0.022104289186832906,0.0015963218305670938,0.0034325768833100337,9.81632816133822E-4,4.260006229813043E-5,0.026852131552243846,0.013260927518118592,0.02221917848570535,0.0016699982286790325,0.0036075992512219083,9.81632816133822E-4,4.260019913080463E-5,0.026768622433106685,0.013260927518118592,0.022272317479261557,0.0,0.29007323363588516,0.03449921792194087,0.05881526245358247,0.13882964796082986,0.0381041956915295,0.0639069866192895,0.04714556997569104,0.23804474330027897,0.2004033700456998,0.0018618349592210372,0.0018877950310824429,2.9761067801733533E-4,0.002602842676898706,0.011800808253357943,0.0063187769283747615,0.019646585985946582,0.013122379813263224,0.029876477134042765,0.021774472497835484,0.009406333495268863],[0.11204756668017335,0.18262249364178793,0.041852951943930766,0.0025158532859465323,0.0025489296447989496,0.028258797900344995,0.0025280274568589773,0.09120754016543199,0.10205356105806436,0.09260951281451824,0.07100922014860903,0.16499137238072084,0.23350367709051242,0.21737519697774202,0.25801312617670447,1.0000000000000002,0.265083885701071,0.7556496690780434,0.21830873621631203,0.06528117896309647,0.7771648461657255,0.7876767016433097,0.7073794360646133,0.6588075256822582,0.0594655672086768,0.6753189826811828,0.7170318247463331,0.25629914522510827,0.08917351294037225,0.08902211432518023,0.01362260425709708,0.1733807714754899,0.023754719365898153,0.02729274512501987,0.1382307360972435,0.15643471387708238,0.07385163388960708,0.010801754409819215,0.1069326625269746,0.242383712020844,0.023032459420832884,0.03902840254582199,0.04817520271763421,0.03829094848111205,0.015225704102886546,0.003350894571741651,0.03758404617706174,0.012306165006470835,0.06678661858724028,0.015713371971986724,0.003302769601195413,0.0011050975262117872,0.040736704295312794,0.00427453984069105,0.022697430236630015,0.033446166132526156,0.03467782542243358,0.01571828636574884,0.003875880619018275,0.0011050975262117872,0.004274578767556254,0.02262506365394737,0.03330684049694914,0.034452860294848696,0.0157154698127578,0.0022619104608586735,0.0011626961980261985,0.0034650718261312143,0.022659625653203678,0.024421713337655068,0.034497158784500735,0.015710660461692613,0.003214468779526312,0.0011626961980261985,0.0034650829560420133,0.022666665939486727,0.024421713337655068,0.034520769783891306,0.0,0.2792370841787958,0.12479432513749301,0.12875426137703558,0.20402203076667275,0.050779492297973336,0.21356929178564457,0.006723326986593959,0.17472566444823517,0.26793104163512665,0.011423306183327002,0.06313969260816707,0.03851896221829356,0.09244666901463838,0.39465240541514685,0.008130538736592354,0.022611347806524164,0.0370627692445481,0.020193704083062126,0.04153830902422439,0.01649519623378519],[0.08888500233976686,0.23199567510954322,0.004202832782590172,3.1920855466796875E-4,3.2340524481674497E-4,0.025846295514601162,3.2075319939069304E-4,0.04172520050082545,0.0998312115910718,0.18980754733836766,0.03902511773102876,0.4842868396046413,0.4486366995821109,0.37656099914524116,0.9527689689854718,0.265083885701071,1.0000000000000002,0.2939277563639742,0.14274863977932944,0.0378975466731319,0.11991401888758037,0.20802297118672466,0.09490055157240546,0.17844819835030468,0.022734695077613724,0.104489202682335,0.09443746320474508,0.10910437105406505,0.0025539042347377298,0.0080363810859423,0.027733297628552832,0.11280036139708874,0.0029098075398040924,4.6973294972452287E-4,0.07067184248835587,0.09226866452317743,0.057545218798851924,0.002568958295795466,0.06164586981164419,0.21095819619554787,0.009455356722991802,0.006634583642705181,0.011152277911978693,0.02467024729253502,0.003792165807363194,0.01701630817771655,0.012008725665026875,4.2485523052716493E-4,0.02605334135506624,0.006220225854255129,0.0026749220836270095,0.0013502801450353808,0.031268894776904886,4.184774636156831E-4,0.02687719464365133,0.029036487630825437,0.027877594962780677,0.006186915896976913,0.002842708496474045,0.0013502801450353808,4.575578693497316E-4,0.026869286284716652,0.028914944926949328,0.02753137665372337,0.0061858072661731,0.003309887274696092,0.0012622452491881095,1.947469227686658E-4,0.026958012931596036,0.01757016409743712,0.02762622244514779,0.006254395309003814,0.0034997833423676163,0.0012622452491881095,1.9474754830139596E-4,0.0268796724074865,0.01757016409743712,0.02769229282923084,0.0,0.2926208074344015,0.039384044465631776,0.060348245135637635,0.14855199869805255,0.046249567727934794,0.06020866389511807,0.044417237096912275,0.27816622793506884,0.22490577994861247,0.0017540898298965095,0.013302236226516244,2.8038782975566863E-4,0.002452215136346601,0.0122369756450436,0.005953106795292808,0.018509630243787625,0.01236298247625516,0.02814751352400638,0.041270003545491374,0.008861985236067717],[0.10034522744785292,0.09161587542720646,0.02655183025596628,6.270952516154319E-4,6.35339781489479E-4,0.007825230982614138,6.301297547853944E-4,0.03151246726757351,0.04361166235793817,0.0395640084918581,0.03871588537512763,0.2560222041246886,0.3025443746864781,0.22112631221774912,0.2487906508367995,0.7556496690780434,0.2939277563639742,1.0,0.15708661469457713,0.03402043504767856,0.7186136836100365,0.6505635099568169,0.643846706268931,0.6252030673011572,0.02872882623450934,0.6467809692219167,0.5949505974315904,0.10563717670926734,0.07552438609531006,0.0571347421069135,0.040411126267447466,0.07662307700503762,0.008909628534821476,0.00478229674112338,0.038965076002572534,0.07391023531743564,0.05103377184523947,0.0016031027575674922,0.026594924145354235,0.09555918202422219,0.011566606883713729,0.026723553639575032,0.02144052952174971,0.027563126275934876,0.011582249056422638,0.0017314895706375402,0.013710675418384536,0.0051242020077871455,0.023259814253881305,0.00983851675920