{"classNames":["com.eteks.sweethome3d.HomeFrameController","com.eteks.sweethome3d.HomeFramePane","com.eteks.sweethome3d.MacOSXConfiguration","com.eteks.sweethome3d.SweetHome3D","com.eteks.sweethome3d.SweetHome3DBootstrap","com.eteks.sweethome3d.SweetHome3DJavaWebStartBootstrap","com.eteks.sweethome3d.io.AutoRecoveryManager","com.eteks.sweethome3d.io.DefaultFurnitureCatalog","com.eteks.sweethome3d.io.DefaultHomeInputStream","com.eteks.sweethome3d.io.DefaultHomeOutputStream","com.eteks.sweethome3d.io.DefaultTexturesCatalog","com.eteks.sweethome3d.io.DefaultUserPreferences","com.eteks.sweethome3d.io.FileUserPreferences","com.eteks.sweethome3d.io.HomeFileRecorder","com.eteks.sweethome3d.io.HomeURLContent","com.eteks.sweethome3d.j3d.Component3DManager","com.eteks.sweethome3d.j3d.DAELoader","com.eteks.sweethome3d.j3d.Ground3D","com.eteks.sweethome3d.j3d.HomePieceOfFurniture3D","com.eteks.sweethome3d.j3d.ModelManager","com.eteks.sweethome3d.j3d.OBJLoader","com.eteks.sweethome3d.j3d.OBJMaterial","com.eteks.sweethome3d.j3d.OBJWriter","com.eteks.sweethome3d.j3d.Object3DBranch","com.eteks.sweethome3d.j3d.Object3DBranchFactory","com.eteks.sweethome3d.j3d.PhotoRenderer","com.eteks.sweethome3d.j3d.Room3D","com.eteks.sweethome3d.j3d.TextureManager","com.eteks.sweethome3d.j3d.Wall3D","com.eteks.sweethome3d.model.AspectRatio","com.eteks.sweethome3d.model.BackgroundImage","com.eteks.sweethome3d.model.Camera","com.eteks.sweethome3d.model.CatalogDoorOrWindow","com.eteks.sweethome3d.model.CatalogLight","com.eteks.sweethome3d.model.CatalogPieceOfFurniture","com.eteks.sweethome3d.model.CatalogTexture","com.eteks.sweethome3d.model.CollectionChangeSupport","com.eteks.sweethome3d.model.CollectionEvent","com.eteks.sweethome3d.model.CollectionListener","com.eteks.sweethome3d.model.Compass","com.eteks.sweethome3d.model.Content","com.eteks.sweethome3d.model.DimensionLine","com.eteks.sweethome3d.model.DoorOrWindow","com.eteks.sweethome3d.model.FurnitureCatalog","com.eteks.sweethome3d.model.FurnitureCategory","com.eteks.sweethome3d.model.Home","com.eteks.sweethome3d.model.HomeApplication","com.eteks.sweethome3d.model.HomeDoorOrWindow","com.eteks.sweethome3d.model.HomeEnvironment","com.eteks.sweethome3d.model.HomeFurnitureGroup","com.eteks.sweethome3d.model.HomeLight","com.eteks.sweethome3d.model.HomePieceOfFurniture","com.eteks.sweethome3d.model.HomePrint","com.eteks.sweethome3d.model.HomeRecorder","com.eteks.sweethome3d.model.HomeTexture","com.eteks.sweethome3d.model.IllegalHomonymException","com.eteks.sweethome3d.model.InterruptedRecorderException","com.eteks.sweethome3d.model.Label","com.eteks.sweethome3d.model.LengthUnit","com.eteks.sweethome3d.model.Light","com.eteks.sweethome3d.model.LightSource","com.eteks.sweethome3d.model.ObserverCamera","com.eteks.sweethome3d.model.PatternsCatalog","com.eteks.sweethome3d.model.PieceOfFurniture","com.eteks.sweethome3d.model.RecorderException","com.eteks.sweethome3d.model.Room","com.eteks.sweethome3d.model.Sash","com.eteks.sweethome3d.model.Selectable","com.eteks.sweethome3d.model.SelectionEvent","com.eteks.sweethome3d.model.SelectionListener","com.eteks.sweethome3d.model.TextStyle","com.eteks.sweethome3d.model.TextureImage","com.eteks.sweethome3d.model.TexturesCatalog","com.eteks.sweethome3d.model.TexturesCategory","com.eteks.sweethome3d.model.UserPreferences","com.eteks.sweethome3d.model.Wall","com.eteks.sweethome3d.plugin.Plugin","com.eteks.sweethome3d.plugin.PluginAction","com.eteks.sweethome3d.plugin.PluginManager","com.eteks.sweethome3d.swing.AutoCommitSpinner","com.eteks.sweethome3d.swing.BackgroundImageWizardStepsPanel","com.eteks.sweethome3d.swing.ColorButton","com.eteks.sweethome3d.swing.CompassPanel","com.eteks.sweethome3d.swing.ControllerAction","com.eteks.sweethome3d.swing.FileContentManager","com.eteks.sweethome3d.swing.FurnitureCatalogListPanel","com.eteks.sweethome3d.swing.FurnitureCatalogTransferHandler","com.eteks.sweethome3d.swing.FurnitureCatalogTree","com.eteks.sweethome3d.swing.FurnitureTable","com.eteks.sweethome3d.swing.FurnitureTransferHandler","com.eteks.sweethome3d.swing.HelpPane","com.eteks.sweethome3d.swing.Home3DAttributesPanel","com.eteks.sweethome3d.swing.HomeComponent3D","com.eteks.sweethome3d.swing.HomeFurniturePanel","com.eteks.sweethome3d.swing.HomePDFPrinter","com.eteks.sweethome3d.swing.HomePane","com.eteks.sweethome3d.swing.HomePrintableComponent","com.eteks.sweethome3d.swing.HomeTransferableList","com.eteks.sweethome3d.swing.IconManager","com.eteks.sweethome3d.swing.ImportedFurnitureWizardStepsPanel","com.eteks.sweethome3d.swing.ImportedTextureWizardStepsPanel","com.eteks.sweethome3d.swing.InterruptedPrinterException","com.eteks.sweethome3d.swing.JPEGImagesToVideo","com.eteks.sweethome3d.swing.LabelPanel","com.eteks.sweethome3d.swing.LocatedTransferHandler","com.eteks.sweethome3d.swing.ModelPreviewComponent","com.eteks.sweethome3d.swing.NullableCheckBox","com.eteks.sweethome3d.swing.NullableSpinner","com.eteks.sweethome3d.swing.PageSetupPanel","com.eteks.sweethome3d.swing.PhotoPanel","com.eteks.sweethome3d.swing.PlanComponent","com.eteks.sweethome3d.swing.PlanTransferHandler","com.eteks.sweethome3d.swing.PrintPreviewPanel","com.eteks.sweethome3d.swing.ProportionalLayout","com.eteks.sweethome3d.swing.ResourceAction","com.eteks.sweethome3d.swing.RoomPanel","com.eteks.sweethome3d.swing.ScaledImageComponent","com.eteks.sweethome3d.swing.SwingTools","com.eteks.sweethome3d.swing.SwingViewFactory","com.eteks.sweethome3d.swing.TextureChoiceComponent","com.eteks.sweethome3d.swing.ThreadedTaskPanel","com.eteks.sweethome3d.swing.UnfocusableToolBar","com.eteks.sweethome3d.swing.UserPreferencesPanel","com.eteks.sweethome3d.swing.VideoPanel","com.eteks.sweethome3d.swing.VisualTransferHandler","com.eteks.sweethome3d.swing.WallPanel","com.eteks.sweethome3d.swing.WizardPane","com.eteks.sweethome3d.tools.ExtensionsClassLoader","com.eteks.sweethome3d.tools.OperatingSystem","com.eteks.sweethome3d.tools.ResourceURLContent","com.eteks.sweethome3d.tools.TemporaryURLContent","com.eteks.sweethome3d.tools.URLContent","com.eteks.sweethome3d.viewcontroller.BackgroundImageWizardController","com.eteks.sweethome3d.viewcontroller.CompassController","com.eteks.sweethome3d.viewcontroller.ContentManager","com.eteks.sweethome3d.viewcontroller.Controller","com.eteks.sweethome3d.viewcontroller.DialogView","com.eteks.sweethome3d.viewcontroller.FurnitureCatalogController","com.eteks.sweethome3d.viewcontroller.FurnitureController","com.eteks.sweethome3d.viewcontroller.HelpController","com.eteks.sweethome3d.viewcontroller.HelpView","com.eteks.sweethome3d.viewcontroller.Home3DAttributesController","com.eteks.sweethome3d.viewcontroller.HomeController","com.eteks.sweethome3d.viewcontroller.HomeController3D","com.eteks.sweethome3d.viewcontroller.HomeFurnitureController","com.eteks.sweethome3d.viewcontroller.HomeView","com.eteks.sweethome3d.viewcontroller.ImportedFurnitureWizardController","com.eteks.sweethome3d.viewcontroller.ImportedFurnitureWizardStepsView","com.eteks.sweethome3d.viewcontroller.ImportedTextureWizardController","com.eteks.sweethome3d.viewcontroller.LabelController","com.eteks.sweethome3d.viewcontroller.Object3DFactory","com.eteks.sweethome3d.viewcontroller.PageSetupController","com.eteks.sweethome3d.viewcontroller.PhotoController","com.eteks.sweethome3d.viewcontroller.PlanController","com.eteks.sweethome3d.viewcontroller.PlanView","com.eteks.sweethome3d.viewcontroller.PrintPreviewController","com.eteks.sweethome3d.viewcontroller.RoomController","com.eteks.sweethome3d.viewcontroller.TextureChoiceController","com.eteks.sweethome3d.viewcontroller.TextureChoiceView","com.eteks.sweethome3d.viewcontroller.ThreadedTaskController","com.eteks.sweethome3d.viewcontroller.ThreadedTaskView","com.eteks.sweethome3d.viewcontroller.UserPreferencesController","com.eteks.sweethome3d.viewcontroller.VideoController","com.eteks.sweethome3d.viewcontroller.View","com.eteks.sweethome3d.viewcontroller.ViewFactory","com.eteks.sweethome3d.viewcontroller.WallController","com.eteks.sweethome3d.viewcontroller.WizardController"],"values":[[1.0,0.720512546781409,0.13318543164240537,0.6241082825362658,0.0,0.0,0.5030751916896158,0.0,0.4685212856658182,0.076004188790721,0.0,0.0,0.0,0.25988884909452603,0.0,0.0,0.0,0.27050089040022973,0.20014237410594696,0.0,0.0,0.0,0.0,0.0,0.20952908873087345,0.12097167578182677,0.2208630521496931,0.0,0.20952908873087348,0.0,0.0,0.0,0.0,0.0,0.0,0.0,0.0,0.0,0.0,0.0,0.0,0.0,0.0,0.0,0.0,0.17648865683458537,0.1895261918141976,0.0,0.0,0.0,0.0,0.0,0.0,0.25988884909452603,0.0,0.0,0.0,0.0,0.0,0.0,0.0,0.0,0.0,0.0,0.0,0.0,0.0,0.0,0.0,0.0,0.0,0.0,0.0,0.0,0.0,0.0,0.31234752377721214,0.0,0.34651846545936804,0.0,0.1510350533458189,0.0,0.05066945919381401,0.0,0.5342159675831922,0.0,0.2310732746833936,0.0,0.22037387535387398,0.4997560380435394,0.0,0.027394690053949688,0.34551516203234695,0.01821647751609538,0.5153471216826172,0.4853182383634382,0.4508348173337161,0.0,0.0,0.13105810963198414,0.16371458648164516,0.0,0.0,0.05279636773484546,0.4685212856658182,0.0,0.0,0.0,0.03582871819500093,0.2640337984894484,0.20406706658193446,0.35998824547368796,0.2033209198405612,0.0,0.0,0.01815483105328993,0.0,0.0,0.1841794325069024,0.0,0.10411584125907071,0.0,0.04373740168406954,0.2500781616401777,0.0,0.015597890995759691,0.04630547771212911,0.0,0.0,0.0,0.0,0.0,0.18935062328016075,0.1994159021112565,0.5327417265696215,0.31234752377721214,0.31234752377721214,0.3654599507603482,0.3184107816092834,0.06409235954456453,0.0,0.24730706650567671,0.5414494447420146,0.39366792648411375,0.12550710147368238,0.15151080381571405,0.2884282554257274,0.0,0.21951219512195122,0.3204273820219531,0.3312945782245396,0.2677264489518961,0.3595464877352144,0.29133206269298034,0.22086305214969307,0.4508348173337162,0.1557768774810838,0.4060103533960191,0.0,0.28252896560880664,0.31234752377721214,0.07545462128643947,0.3644054444067475,0.0,0.1841794325069024,0.1002940212543857,0.12438739971087732],[0.720512546781409,1.0,0.4553741616227871,0.7500091370849917,0.0,0.0,0.7273412766788652,0.1092897987894689,0.6834861261734088,0.11087609071101004,0.15634598562542262,0.0,0.05832325083029986,0.37912988830561156,0.0,0.0,0.0,0.394610898933592,0.291970802919708,0.0,0.0,0.0,0.0,0.0,0.305664287960348,0.1764753589355622,0.3221984497760944,0.0,0.305664287960348,0.0,0.0,0.0,0.0,0.0,0.0,0.0,0.0604122093330177,0.0,0.0,0.0,0.0,0.0,0.0,0.02347100993557106,0.0,0.2822205845220556,0.36864500180931703,0.0,0.0,0.0,0.0,0.0,0.0,0.37912988830561156,0.0,0.0,0.0,0.0,0.0,0.0,0.0,0.0,0.0,0.0,0.0,0.0,0.0,0.0,0.0,0.0,0.0,0.0,0.02347100993557106,0.0,0.2321319546873151,0.0,0.6265289489922914,0.0,0.426521124343813,0.0,0.27703544144392434,0.0,0.16631413606651504,0.25630729731502827,0.2843474162292086,0.14826895826349737,0.12640998035269133,0.0739895435500485,0.42596740116906834,0.5809632072473975,0.17983709641364526,0.06743891115511697,0.5646249604218505,0.05979258054987049,0.6846717057742006,0.7126476090822436,0.5129941686136696,0.0,0.0,0.21508830590217878,0.2686830533165206,0.0,0.0,0.1299715217062578,0.25630729731502827,0.0,0.0,0.0,0.11760185341981494,0.44207769419227466,0.38026038716415067,0.40324512508296334,0.3781748363573268,0.0,0.25630729731502827,0.059590236211364174,0.0,0.12815364865751414,0.40607894897227365,0.18123662799905305,0.1708715315433522,0.0,0.10767060114638397,0.4377814861421551,0.0,0.05119750253296872,0.056996282697005525,0.0,0.0,0.0,0.0,0.0,0.1923728132301261,0.21818326072054212,0.2185795975789378,0.0,0.0,0.23234758759206864,0.37517517055640803,0.1314828692633362,0.0,0.24272755918133773,0.6444660764871718,0.4357249959604662,0.11738540979247881,0.08288486740756482,0.30539294810397466,0.0,0.1467710743443611,0.4206999960997605,0.4832976746641415,0.268512406710982,0.38936987674968193,0.3940793455292867,0.0,0.34528453656689306,0.1369585411805238,0.2141778161347216,0.0,0.0772795578385468,0.0,0.0687964831892064,0.4224323974266207,0.0,0.40607894897227365,0.0881781883309165,0.017011712816116915],[0.13318543164240537,0.4553741616227871,1.0,0.4469517863670698,0.0,0.0,0.2616279760670914,0.18181818181818182,0.21320071635561041,0.03458572319330373,0.26010243550494205,0.0,0.09702851996386601,0.11826247919781652,0.0,0.0,0.0,0.12309149097933272,0.09107483232455742,0.0,0.0,0.0,0.0,0.0,0.09534625892455921,0.05504818825631802,0.10050378152592121,0.0,0.09534625892455922,0.0,0.0,0.0,0.0,0.0,0.0,0.0,0.15075567228888181,0.0,0.0,0.0,0.0,0.0,0.0,0.05857074126574227,0.0,0.14208905139675615,0.258731808559231,0.0,0.0,0.0,0.0,0.0,0.0,0.11826247919781652,0.0,0.0,0.0,0.0,0.0,0.0,0.0,0.0,0.0,0.0,0.0,0.0,0.0,0.0,0.0,0.0,0.0,0.0,0.05857074126574227,0.0,0.38618252033249345,0.0,0.4264014327112209,0.0,0.23652495839563303,0.0,0.33959981987353105,0.0,0.27668578554642986,0.42640143271122083,0.1182624791978165,0.25437350953458415,0.0,0.12309149097933272,0.28078730824207676,0.2558408596267325,0.2991830368027063,0.11219363880101486,0.26607604209509567,0.09947294626039875,0.40201512610368484,0.6002644263491348,0.1723280873710658,0.0,0.0,0.2504796934375796,0.3128931093873719,0.0,0.0,0.21622499104693416,0.0,0.0,0.0,0.0,0.19564639521780736,0.3604459180550109,0.25681805186993034,0.21061636974040907,0.33307642899202133,0.0,0.4264014327112209,0.09913631941932192,0.0,0.21320071635561041,0.43429280483836974,0.3015113445777636,0.2842676218074806,0.0,0.1791244302079596,0.32432465244948644,0.0,0.08517388564423914,0.09482093118615209,0.0,0.0,0.0,0.0,0.0,0.11078234188139946,0.12704195151210987,0.0,0.0,0.0,0.26967994498529685,0.16718411278051454,0.21873931962990356,0.0,0.12908671505598085,0.51741205222538,0.18747070998966744,0.06632365324280728,0.20683507599800766,0.17147091515440643,0.0,0.13318543164240537,0.21246680465495643,0.1507556722888818,0.1827434711619518,0.13022156515148983,0.15535631321899535,0.0,0.24618298195866545,0.08354457152605477,0.19795189561622398,0.0,0.12856486930664499,0.0,0.09156171300519898,0.14213381090374028,0.0,0.43429280483836974,0.053788605650669556,0.02830125709900641],[0.6241082825362658,0.7500091370849917,0.4469517863670698,1.0000000000000002,0.0,0.0,0.6431430019673312,0.2234758931835349,0.5240974256643347,0.08501982920224256,0.3196964325152384,0.12481109553731944,0.21243088355198878,0.3997357991785729,0.0,0.13102435641608368,0.0,0.30258778978889356,0.2238833245029826,0.0,0.0,0.0,0.0,0.0,0.23438349412361906,0.13532137342587652,0.2470618957931091,0.0,0.23438349412361906,0.0,0.0,0.0,0.0,0.0,0.0,0.0,0.13897231638362387,0.0,0.0,0.0,0.0,0.0,0.0,0.05399273846498186,0.0,0.25437296787637037,0.5123522978353389,0.0,0.0,0.0,0.0,0.0,0.0,0.3997357991785729,0.0,0.0,0.0,0.0,0.0,0.0,0.0,0.0,0.0,0.0,0.0,0.0,0.0,0.0,0.0,0.0,0.0,0.0,0.05399273846498186,0.0,0.520811515995118,0.0,0.6987965675524462,0.0,0.49058484444643036,0.0,0.5329406376830595,0.0,0.35070679545925054,0.5240974256643347,0.514811256517859,0.30554911644440996,0.19386244356426316,0.15129389489444675,0.4622150488017757,0.5240974256643347,0.3677310800616595,0.14364495314908574,0.524005183989608,0.1260846781448431,0.7720684243534659,0.7339687186055486,0.44631698993861785,0.0,0.0,0.40957566026731484,0.5116319016190519,0.0,0.0,0.27683948074529685,0.39307306924825103,0.07003546443307732,0.0,0.0,0.2630166777184965,0.6007760105510335,0.4266753943585888,0.3595447880659215,0.4690927525287646,0.0,0.5240974256643347,0.1256579944232111,0.0,0.26204871283216735,0.5876447762594547,0.3705928436896636,0.3712356765122371,0.0,0.2476855756962399,0.550743067780689,0.0,0.10796022799693553,0.12625822905719739,0.0,0.0,0.0,0.0,0.0,0.24585257920347595,0.245377745992837,0.39108281307118603,0.06551217820804184,0.06551217820804184,0.5096325361360007,0.3814387782606338,0.28902052954940155,0.0,0.2990182204134073,0.6414663114284115,0.4454854603686955,0.1528491694911989,0.12711229671343247,0.3902923843615001,0.0,0.30352807183457736,0.42244310897031473,0.3705928436896636,0.33691977364135806,0.35089549281076726,0.34800847036604504,0.04632410546120795,0.4349699478215345,0.1913695268598133,0.46228163130818944,0.0,0.23703197925269712,0.06551217820804184,0.14770887570322053,0.3785148074242417,0.0,0.5876447762594547,0.12320968108152318,0.06522293980555358],[0.0,0.0,0.0,0.0,0.0,0.0,0.0,0.0,0.0,0.0,0.0,0.0,0.0,0.0,0.0,0.0,0.0,0.0,0.0,0.0,0.0,0.0,0.0,0.0,0.0,0.0,0.0,0.0,0.0,0.0,0.0,0.0,0.0,0.0,0.0,0.0,0.0,0.0,0.0,0.0,0.0,0.0,0.0,0.0,0.0,0.0,0.0,0.0,0.0,0.0,0.0,0.0,0.0,0.0,0.0,0.0,0.0,0.0,0.0,0.0,0.0,0.0,0.0,0.0,0.0,0.0,0.0,0.0,0.0,0.0,0.0,0.0,0.0,0.0,0.0,0.0,0.0,0.0,0.0,0.0,0.0,0.0,0.0,0.0,0.0,0.0,0.0,0.0,0.0,0.0,0.0,0.0,0.0,0.0,0.0,0.0,0.0,0.0,0.0,0.0,0.0,0.0,0.0,0.0,0.0,0.0,0.0,0.0,0.0,0.0,0.0,0.0,0.0,0.0,0.0,0.0,0.0,0.0,0.0,0.0,0.0,0.0,0.0,0.0,0.0,0.0,0.0,0.0,0.0,0.0,0.0,0.0,0.0,0.0,0.0,0.0,0.0,0.0,0.0,0.0,0.0,0.0,0.0,0.0,0.0,0.0,0.0,0.0,0.0,0.0,0.0,0.0,0.0,0.0,0.0,0.0,0.0,0.0,0.0,0.0,0.0,0.0,0.0,0.0,0.0,0.0,0.0],[0.0,0.0,0.0,0.0,0.0,0.0,0.0,0.0,0.0,0.0,0.0,0.0,0.0,0.0,0.0,0.0,0.0,0.0,0.0,0.0,0.0,0.0,0.0,0.0,0.0,0.0,0.0,0.0,0.0,0.0,0.0,0.0,0.0,0.0,0.0,0.0,0.0,0.0,0.0,0.0,0.0,0.0,0.0,0.0,0.0,0.0,0.0,0.0,0.0,0.0,0.0,0.0,0.0,0.0,0.0,0.0,0.0,0.0,0.0,0.0,0.0,0.0,0.0,0.0,0.0,0.0,0.0,0.0,0.0,0.0,0.0,0.0,0.0,0.0,0.0,0.0,0.0,0.0,0.0,0.0,0.0,0.0,0.0,0.0,0.0,0.0,0.0,0.0,0.0,0.0,0.0,0.0,0.0,0.0,0.0,0.0,0.0,0.0,0.0,0.0,0.0,0.0,0.0,0.0,0.0,0.0,0.0,0.0,0.0,0.0,0.0,0.0,0.0,0.0,0.0,0.0,0.0,0.0,0.0,0.0,0.0,0.0,0.0,0.0,0.0,0.0,0.0,0.0,0.0,0.0,0.0,0.0,0.0,0.0,0.0,0.0,0.0,0.0,0.0,0.0,0.0,0.0,0.0,0.0,0.0,0.0,0.0,0.0,0.0,0.0,0.0,0.0,0.0,0.0,0.0,0.0,0.0,0.0,0.0,0.0,0.0,0.0,0.0,0.0,0.0,0.0,0.0],[0.5030751916896158,0.7273412766788652,0.2616279760670914,0.6431430019673312,0.0,0.0,0.9999999999999998,0.1308139880335457,0.5368754921931592,0.08709270531385191,0.18713770287101772,0.5114165043862053,0.4406742493298914,0.7445123521701548,0.0,0.0,0.0,0.30996520993903337,0.22934184399784036,0.0,0.0,0.0,0.0,0.0,0.24009801919951235,0.13862065601673437,0.25308553412176554,0.0,0.24009801919951235,0.0,0.0,0.0,0.0,0.0,0.0,0.0,0.05423261445466404,0.0,0.0,0.0,0.0,0.0,0.0,0.021070148679394957,0.0,0.22446107180635522,0.3826448905963142,0.0,0.0,0.0,0.0,0.0,0.0,0.7445123521701548,0.0,0.0,0.0,0.0,0.0,0.0,0.0,0.0,0.0,0.0,0.0,0.0,0.0,0.0,0.0,0.0,0.0,0.0,0.021070148679394957,0.0,0.4669413792708392,0.0,0.562440991821405,0.0,0.7019687891890031,0.0,0.24433423725221703,0.0,0.1990690407173758,0.30678599553894814,0.13472128277364706,0.17469696946961763,0.0,0.08856148855400951,0.37517998457072343,0.21475019687726368,0.21525529407882,0.0807207352795575,0.4655365119963241,0.07156849040973136,0.397705839334203,0.43725246405562374,0.3099652099390333,0.0,0.0,0.18021436190994355,0.2251193750694822,0.0,0.0,0.15556889365251944,0.0,0.0,0.0,0.0,0.14076306861555735,0.396857347427504,0.3397974764302304,0.11785948221436582,0.29955100997537665,0.0,0.30678599553894814,0.0713262951621492,0.0,0.15339299776947407,0.3864682058127478,0.21693045781865614,0.20452399702596544,0.0,0.1288758958835685,0.38685996624639624,0.0,0.0612806461158985,0.06822147286633229,0.0,0.0,0.0,0.0,0.0,0.1461264561141157,0.1893363471296941,0.11446223952935249,0.0,0.0,0.17462565002615973,0.2916913988011253,0.15737789507292674,0.0,0.1821777159082191,0.5148874408482693,0.33720212918189424,0.08748362094826007,0.3906342991972704,0.226177175284689,0.0,0.09582384603611731,0.35518624273826194,0.37962830118264823,0.24104613935203067,0.2918847849712307,0.31520630071364797,0.0,0.2435440935235262,0.10109138686386256,0.14242182297397127,0.0,0.09249945801257606,0.0,0.06587654056166176,0.3153078287483634,0.0,0.3864682058127478,0.06508579364733211,0.020362101691160487],[0.0,0.1092897987894689,0.18181818181818182,0.2234758931835349,0.0,0.0,0.1308139880335457,1.0,0.0,0.34585723193303736,0.5527176754480019,0.0,0.4244997748419138,0.0,0.0,0.0,0.0,0.12309149097933272,0.07285986585964593,0.34645116407786697,0.0,0.0,0.0,0.0,0.0,0.09633432944855654,0.050251890762960605,0.3446561747421316,0.03178208630818641,0.0,0.4264014327112209,0.0,0.5160935476143208,0.511681719253465,0.4767312946227961,0.39590379123244795,0.0,0.0,0.0,0.0,0.0,0.0,0.31980107453341566,0.2635683356958402,0.31980107453341566,0.0,0.1149919149152138,0.26111648393354675,0.0,0.07485976927589245,0.24174688920761409,0.09612155319881692,0.0,0.0,0.4136701519960153,0.0,0.0,0.0,0.0,0.31980107453341566,0.0,0.0,0.0,0.4264014327112209,0.0,0.0,0.0,0.0,0.0,0.0,0.0,0.42640143271122083,0.0,0.0,0.38618252033249345,0.0,0.2842676218074806,0.0,0.11826247919781652,0.0,0.38811407985546403,0.0,0.27668578554642986,0.42640143271122083,0.15768330559708868,0.3006232385408722,0.15772491837737587,0.28721347895177635,0.16044989042404387,0.0,0.2991830368027063,0.11219363880101486,0.09675492439821662,0.09947294626039875,0.20100756305184242,0.22416513847063124,0.0,0.0,0.41952353926806063,0.4383394635157643,0.35759212501413934,0.0,0.0,0.21622499104693416,0.0,0.11396057645963795,0.0,0.0,0.19564639521780736,0.28398769301303894,0.24593593102798417,0.0,0.22205095266134756,0.0,0.4264014327112209,0.09913631941932192,0.0,0.42640143271122083,0.36191067069864147,0.3015113445777636,0.2842676218074806,0.0,0.1791244302079596,0.2389760596996216,0.0,0.08517388564423914,0.09482093118615209,0.0,0.0,0.0,0.3015113445777636,0.0,0.14770978917519928,0.07259540086406277,0.09090909090909091,0.0,0.0,0.2966479394838265,0.06687364511220582,0.21873931962990356,0.0,0.07943797849598822,0.18814983717286546,0.07498828399586698,0.07737759544994183,0.0,0.3111879571320709,0.42640143271122083,0.22197571940400895,0.09998437866115596,0.0,0.12182898077463453,0.02003408694638305,0.04039264143693879,0.0,0.12309149097933272,0.06075968838258529,0.19795189561622398,0.0,0.12856486930664499,0.0,0.09156171300519898,0.023688968483956713,0.0,0.36191067069864147,0.03911898592775968,0.02830125709900641],[0.4685212856658182,0.6834861261734088,0.21320071635561041,0.5240974256643347,0.0,0.0,0.5368754921931592,0.0,1.0,0.16222142113076254,0.0,0.0,0.0,0.5547001962252291,0.0,0.0,0.0,0.5773502691896258,0.42717882885838043,0.0,0.0,0.0,0.0,0.0,0.4472135954999579,0.2581988897471611,0.47140452079103173,0.0,0.4472135954999579,0.0,0.0,0.0,0.0,0.0,0.0,0.0,0.0,0.0,0.0,0.0,0.0,0.0,0.0,0.0,0.0,0.37669293206983406,0.40451991747794525,0.0,0.0,0.0,0.0,0.0,0.0,0.5547001962252291,0.0,0.0,0.0,0.0,0.0,0.0,0.0,0.0,0.0,0.0,0.0,0.0,0.0,0.0,0.0,0.0,0.0,0.0,0.0,0.0,0.0,0.0,0.6666666666666666,0.0,0.2773500981126146,0.0,0.0,0.0,0.0,0.0,0.0,0.0,0.0,0.0,0.4703604341917986,0.4,0.0,0.0,0.7374588361366196,0.0,0.47140452079103173,0.4789837292190184,0.5773502691896257,0.0,0.0,0.0,0.0,0.0,0.0,0.0,0.0,0.0,0.0,0.0,0.0,0.35862086370499197,0.40833336877893983,0.2195285199793807,0.26037782196164777,0.0,0.0,0.0,0.0,0.0,0.25015959146215216,0.0,0.0,0.0,0.0,0.40032038451271784,0.0,0.0,0.0,0.0,0.0,0.0,0.0,0.0,0.1732050807568877,0.2553769592276246,0.0,0.0,0.0,0.0,0.45089372349224827,0.0,0.0,0.23287321641631115,0.48327433605066356,0.5275893435844943,0.10369516947304253,0.0,0.2680899609305247,0.0,0.0,0.5275893435844943,0.7071067811865475,0.2857142857142857,0.5168250843084335,0.5319405609346218,0.0,0.2886751345948129,0.10687057498186447,0.0,0.0,0.0,0.0,0.0,0.5555555555555556,0.0,0.25015959146215216,0.0688066155389531,0.0],[0.076004188790721,0.11087609071101004,0.03458572319330373,0.08501982920224256,0.0,0.0,0.08709270531385191,0.34585723193303736,0.16222142113076254,1.0000000000000002,0.4947706959952935,0.0,0.3599097144492366,0.08998425413316952,0.0,0.0,0.0,0.32780503405359296,0.20789267008314383,0.6894410398057408,0.0,0.0,0.0,0.0,0.07254762501100116,0.14659886790209345,0.17206180040292135,0.6930735005704535,0.13300397918683549,0.0,0.8111071056538127,0.0,0.50669459193814,0.4866642633922877,0.7980238751210129,0.7530940414109725,0.0,0.0,0.0,0.0,0.0,0.0,0.0,0.0,0.0,0.06110766277028228,0.06562179588897107,0.0,0.0,0.14239935921698302,0.0,0.15397375894859666,0.0,0.08998425413316952,0.7868894753646337,0.0,0.0,0.0,0.0,0.0,0.0,0.0,0.0,0.8111071056538127,0.0,0.0,0.0,0.0,0.0,0.0,0.0,0.8111071056538127,0.0,0.0,0.0,0.0,0.10814761408717503,0.0,0.04499212706658476,0.0,0.09228454216647092,0.0,0.0,0.0,0.07498687844430793,0.0,0.13334518676566626,0.10926834468453098,0.0763025380782761,0.06488856845230502,0.0,0.0,0.14263770127419761,0.0,0.07647191129018727,0.07770142125242152,0.09365858115816939,0.0,0.7980238751210129,0.2041997887939988,0.08502712798142949,0.0,0.0,0.0,0.0,0.21677749238103003,0.0,0.0,0.0,0.05817598615736529,0.18216115329068625,0.035612228489788136,0.04223886030955117,0.0,0.0,0.0,0.0,0.40555355282690636,0.0405812444364813,0.0,0.0,0.0,0.0,0.06494054168326639,0.0,0.0,0.0,0.0,0.0,0.0,0.8029550685469661,0.0,0.1685854460847049,0.04142761324995807,0.17292861596651868,0.0,0.0,0.0,0.07314462060385361,0.0,0.0,0.037777024110345614,0.08691891150213873,0.08558629308972283,0.07990249434248306,0.0,0.1642953079337079,0.8111071056538127,0.16889819731271333,0.08558629308972283,0.11470786693528087,0.046348977465932154,0.08384009965254026,0.08629215375190935,0.0,0.046829290579084706,0.01733669655061977,0.0,0.0,0.0,0.0,0.0,0.09012301173931253,0.0,0.0405812444364813,0.011161906955926981,0.0],[0.0,0.15634598562542262,0.26010243550494205,0.3196964325152384,0.0,0.0,0.18713770287101772,0.5527176754480019,0.0,0.4947706959952935,1.0000000000000002,0.0,0.529195774153244,0.0,0.0,0.0,0.0,0.1760901812651248,0.10423065708361508,0.4956203535809652,0.0,0.0,0.0,0.0,0.0,0.07874992309581577,0.07188851546895896,0.49305250754234936,0.045466289298031565,0.0,0.6099942813304187,0.0,0.38106040658363277,0.3659965687982512,0.6001550187340167,0.6796385661463189,0.0,0.0,0.0,0.0,0.0,0.0,0.0,0.0,0.0,0.0,0.16450322423053299,0.0,0.0,0.10709164570498712,0.0,0.11579618989761326,0.0,0.0,0.5917813771642473,0.0,0.0,0.0,0.0,0.0,0.0,0.0,0.0,0.6099942813304187,0.0,0.0,0.0,0.0,0.0,0.0,0.0,0.6099942813304187,0.2513674754670648,0.30499714066520933,0.552458577483551,0.0,0.40666285422027915,0.0,0.16918197377512545,0.0,0.5552217958329118,0.0,0.3958165567962348,0.6099942813304187,0.22557596503350058,0.3308158467894247,0.10028244211278005,0.2347869083534997,0.2295337400168719,0.0,0.42800030093781744,0.16050011285168153,0.13841405315689975,0.14230235574050062,0.2875540618758358,0.3206824415933257,0.0,0.0,0.6001550187340167,0.5118958295600735,0.5435305922648976,0.0,0.0,0.30932355733588024,0.0,0.16302782918784448,0.0,0.0,0.2798845714165278,0.40626239833366684,0.3238053257809997,0.0,0.3176579647637501,0.0,0.6099942813304187,0.14182078970378836,0.0,0.6099942813304187,0.5122863035684094,0.43133109281375365,0.40666285422027915,0.0,0.25624885305538925,0.3418704033538531,0.0,0.12184664303617312,0.1356473532610057,0.0,0.0,0.0,0.43133109281375365,0.0,0.2113082175181497,0.10385232314160167,0.13005121775247103,0.0,0.0,0.30863540618906377,0.09566698880627844,0.31292046377037547,0.0,0.11364106423117663,0.256343114177965,0.10727549415913698,0.11069355566525296,0.0,0.2543852002995573,0.6099942813304187,0.49220302517052567,0.14303399221218263,0.0,0.17428408038011964,0.028660031443295996,0.05778423427824093,0.0,0.1760901812651248,0.08692058610857473,0.33981928307315945,0.0,0.18392019594868117,0.0,0.13098483503411232,0.03388857118502326,0.0,0.5122863035684094,0.05596218932861616,0.04048674244616704],[0.0,0.0,0.0,0.12481109553731944,0.0,0.0,0.5114165043862053,0.0,0.0,0.0,0.0,1.0,0.7509233598476323,0.7925939239012171,0.0,0.0,0.0,0.0,0.0,0.0,0.0,0.0,0.0,0.0,0.0,0.0,0.0,0.0,0.0,0.0,0.0,0.0,0.0,0.0,0.0,0.0,0.0,0.0,0.0,0.0,0.0,0.0,0.0,0.0,0.0,0.0,0.0,0.0,0.0,0.0,0.0,0.0,0.0,0.7925939239012171,0.03300491809922247,0.0,0.0,0.0,0.13608276348795434,0.0,0.0,0.0,0.13608276348795434,0.0,0.0,0.0,0.0,0.0,0.0,0.0,0.0,0.0,0.0,0.0,0.4039769480920658,0.0,0.0,0.0,0.528395949267478,0.0,0.007741477936573528,0.0,0.022075539284417398,0.0,0.08806599154457966,0.0738012404616746,0.0,0.07856742013183861,0.0,0.0,0.0,0.011935247900657215,0.0,0.007936507936507936,0.0,0.03338561025111441,0.0,0.0,0.0,0.01712971774568829,0.014265349750363764,0.0,0.0,0.0,0.0,0.0,0.0,0.0,0.0,0.0,0.02222685329911364,0.0,0.0,0.0,0.0,0.0,0.0,0.06804138174397717,0.004863201217026761,0.0,0.0,0.0,0.057166195047502935,0.0,0.0,0.006795648915727748,0.0,0.0,0.0,0.0,0.0,0.0,0.0,0.0,0.2030905986149808,0.0,0.0,0.06024640760767093,0.0,0.0,0.0,0.0,0.06719498776328889,0.0,0.0,0.693103280083672,0.004053602527422612,0.0,0.007084185700703759,0.0,0.0,0.0,0.0,0.00297484691273901,0.0,0.0,0.0,0.012634967392981724,0.0,0.0,0.0,0.058442444042522364,0.0,0.0,0.004863201217026761,0.0,0.0],[0.0,0.05832325083029986,0.09702851996386601,0.21243088355198878,0.0,0.0,0.4406742493298914,0.4244997748419138,0.0,0.3599097144492366,0.529195774153244,0.7509233598476323,0.9999999999999998,0.5680042495291707,0.0,0.0,0.0,0.11495508245250087,0.06804379263534983,0.34132807439314455,0.0,0.0,0.0,0.0,0.0,0.05140947574457703,0.046930215891365895,0.3350119545758596,0.029681274660029084,0.0,0.398216086792002,0.0,0.29318569178894255,0.23892965207520117,0.42232213659127094,0.4331173867256721,0.0,0.0,0.0,0.0,0.0,0.0,0.05688801239885743,0.14065505037048726,0.17066403719657228,0.0,0.06136622421618701,0.046448867619441184,0.0,0.06991150144513472,0.0,0.08369335333780638,0.0,0.5680042495291707,0.4139210893269463,0.0,0.0,0.0,0.11377602479771486,0.0,0.0,0.0,0.11377602479771486,0.398216086792002,0.0,0.0,0.0,0.0,0.0,0.0,0.0,0.398216086792002,0.14065505037048726,0.17066403719657228,0.5209470708633501,0.0,0.15170136639695314,0.0,0.44178108296713275,0.0,0.23300970873786403,0.0,0.16611217589964766,0.2275520495954297,0.16303825680929898,0.2838370792037832,0.0935233162818677,0.31202093808535947,0.085625184679152,0.0,0.15966107992593798,0.06985172246759787,0.05647460998009785,0.05971997265356722,0.10726906489455061,0.14355271664778285,0.0,0.0,0.39179282551238387,0.300757964948734,0.24450284723477994,0.0,0.0,0.11538994973266309,0.0,0.10642772590553623,0.0,0.0,0.10440804090337193,0.15155198047554347,0.16725077097093757,0.0,0.11849901411313365,0.0,0.2275520495954297,0.05290477691357032,0.0,0.36977208059257327,0.20736719399439799,0.1609035973418259,0.15170136639695314,0.0,0.1354205563294995,0.12753121358697922,0.0,0.05113533189372361,0.05060184038023358,0.0,0.0,0.0,0.3620330940191083,0.0,0.10838622059807222,0.03874103366112964,0.23044273491418177,0.0,0.0,0.25904979466601563,0.03568757945404384,0.11673173842875913,0.0,0.04239262215312933,0.1535994939190007,0.04001801215911968,0.054565861801827605,0.49670530719233563,0.19487523082931804,0.398216086792002,0.26357097544662517,0.05335734954549291,0.0,0.06501487131297992,0.010691327928792254,0.02404301905619765,0.0,0.0656886185442862,0.03242482450475375,0.15845758050939224,0.0,0.06860952443494396,0.0,0.09772507248075792,0.012641780533079428,0.0,0.20736719399439799,0.020876115188818028,0.015103159991883967],[0.25988884909452603,0.37912988830561156,0.11826247919781652,0.3997357991785729,0.0,0.0,0.7445123521701548,0.0,0.5547001962252291,0.08998425413316952,0.0,0.7925939239012171,0.5680042495291707,1.0000000000000002,0.0,0.0,0.0,0.3202563076101743,0.23695618019100723,0.0,0.0,0.0,0.0,0.0,0.24806946917841693,0.1432229748078866,0.2614881801842454,0.0,0.24806946917841693,0.0,0.0,0.0,0.0,0.0,0.0,0.0,0.0,0.0,0.0,0.0,0.0,0.0,0.0,0.0,0.0,0.20895164333579389,0.22438727760202973,0.0,0.0,0.0,0.0,0.0,0.0,1.0000000000000002,0.0,0.0,0.0,0.0,0.0,0.0,0.0,0.0,0.0,0.0,0.0,0.0,0.0,0.0,0.0,0.0,0.0,0.0,0.0,0.0,0.293054956279867,0.0,0.36980013081681945,0.0,0.6153846153846154,0.0,0.0,0.0,0.0,0.0,0.07692307692307693,0.0,0.0,0.0,0.2609090251427747,0.22188007849009164,0.0,0.0,0.409068561113012,0.0,0.2614881801842454,0.2948537261142661,0.32025630761017426,0.0,0.0,0.0,0.0,0.0,0.0,0.0,0.0,0.0,0.0,0.0,0.0,0.1989270634676202,0.22650259978698678,0.1217725131095966,0.14443162893482378,0.0,0.0,0.0,0.0,0.0,0.13876357447167895,0.0,0.0,0.0,0.0,0.22205779584216379,0.0,0.0,0.0,0.0,0.0,0.0,0.0,0.0,0.09607689228305227,0.14165764939496572,0.17739371879672478,0.0,0.0,0.0,0.25011083689787433,0.0,0.0,0.12917481884172807,0.32052131080620916,0.2926539124126588,0.057519730854305076,0.6054055145966812,0.14870955393417606,0.0,0.0,0.2926539124126588,0.39223227027636803,0.15848577035006547,0.28668297568000867,0.29506753353059323,0.0,0.16012815380508716,0.059281128913143286,0.0,0.0,0.0,0.0,0.0,0.30816677568068285,0.0,0.13876357447167895,0.03816704314105119,0.0],[0.0,0.0,0.0,0.0,0.0,0.0,0.0,0.0,0.0,0.0,0.0,0.0,0.0,0.0,0.0,0.0,0.0,0.0,0.0,0.0,0.0,0.0,0.0,0.0,0.0,0.0,0.0,0.0,0.0,0.0,0.0,0.0,0.0,0.0,0.0,0.0,0.0,0.0,0.0,0.0,0.0,0.0,0.0,0.0,0.0,0.0,0.0,0.0,0.0,0.0,0.0,0.0,0.0,0.0,0.0,0.0,0.0,0.0,0.0,0.0,0.0,0.0,0.0,0.0,0.0,0.0,0.0,0.0,0.0,0.0,0.0,0.0,0.0,0.0,0.0,0.0,0.0,0.0,0.0,0.0,0.0,0.0,0.0,0.0,0.0,0.0,0.0,0.0,0.0,0.0,0.0,0.0,0.0,0.0,0.0,0.0,0.0,0.0,0.0,0.0,0.0,0.0,0.0,0.0,0.0,0.0,0.0,0.0,0.0,0.0,0.0,0.0,0.0,0.0,0.0,0.0,0.0,0.0,0.0,0.0,0.0,0.0,0.0,0.0,0.0,0.0,0.0,0.0,0.0,0.0,0.0,0.0,0.0,0.0,0.0,0.0,0.0,0.0,0.0,0.0,0.0,0.0,0.0,0.0,0.0,0.0,0.0,0.0,0.0,0.0,0.0,0.0,0.0,0.0,0.0,0.0,0.0,0.0,0.0,0.0,0.0,0.0,0.0,0.0,0.0,0.0,0.0],[0.0,0.0,0.0,0.13102435641608368,0.0,0.0,0.0,0.0,0.0,0.0,0.0,0.0,0.0,0.0,0.0,1.0,0.0,0.0,0.0,0.0,0.0,0.0,0.0,0.0,0.0,0.0,0.0,0.0,0.0,0.0,0.0,0.0,0.0,0.0,0.0,0.0,0.0,0.0,0.0,0.0,0.0,0.0,0.0,0.0,0.0,0.0,0.0,0.0,0.0,0.0,0.0,0.0,0.0,0.0,0.0,0.0,0.0,0.0,0.0,0.0,0.0,0.0,0.0,0.0,0.0,0.0,0.0,0.0,0.0,0.0,0.0,0.0,0.0,0.0,0.0,0.0,0.0,0.0,0.0,0.0,0.0,0.0,0.0,0.0,0.0,0.0,0.0,0.0,0.0,0.0,0.0,0.0,0.08509140416960995,0.0,0.0,0.0,0.0,0.0,0.0,0.0,0.0,0.0,0.0,0.0,0.0,0.5345224838248488,0.0,0.0,0.11470786693528087,0.10246310391571199,0.02041666843894699,0.0,0.0,0.0,0.0,0.0,0.0,0.0,0.0,0.0,0.0,0.0,0.14002800840280097,0.08006407690254357,0.0,0.0,0.0,0.0,0.0,0.0,0.0,0.0,0.0,0.0,0.0,0.0,0.0,0.0,0.0,0.0,0.0,0.0,0.0,0.0,0.0,0.0,0.0,0.0,0.0,0.0,0.0,0.0,0.0,0.0,0.0,0.0,0.0,0.0,0.0,0.0,0.0,0.0,0.0,0.0,0.0,0.0,0.0],[0.0,0.0,0.0,0.0,0.0,0.0,0.0,0.0,0.0,0.0,0.0,0.0,0.0,0.0,0.0,0.0,0.0,0.0,0.0,0.0,0.0,0.0,0.0,0.0,0.0,0.0,0.0,0.0,0.0,0.0,0.0,0.0,0.0,0.0,0.0,0.0,0.0,0.0,0.0,0.0,0.0,0.0,0.0,0.0,0.0,0.0,0.0,0.0,0.0,0.0,0.0,0.0,0.0,0.0,0.0,0.0,0.0,0.0,0.0,0.0,0.0,0.0,0.0,0.0,0.0,0.0,0.0,0.0,0.0,0.0,0.0,0.0,0.0,0.0,0.0,0.0,0.0,0.0,0.0,0.0,0.0,0.0,0.0,0.0,0.0,0.0,0.0,0.0,0.0,0.0,0.0,0.0,0.0,0.0,0.0,0.0,0.0,0.0,0.0,0.0,0.0,0.0,0.0,0.0,0.0,0.0,0.0,0.0,0.0,0.0,0.0,0.0,0.0,0.0,0.0,0.0,0.0,0.0,0.0,0.0,0.0,0.0,0.0,0.0,0.0,0.0,0.0,0.0,0.0,0.0,0.0,0.0,0.0,0.0,0.0,0.0,0.0,0.0,0.0,0.0,0.0,0.0,0.0,0.0,0.0,0.0,0.0,0.0,0.0,0.0,0.0,0.0,0.0,0.0,0.0,0.0,0.0,0.0,0.0,0.0,0.0,0.0,0.0,0.0,0.0,0.0,0.0],[0.27050089040022973,0.394610898933592,0.12309149097933272,0.30258778978889356,0.0,0.0,0.30996520993903337,0.12309149097933272,0.5773502691896258,0.32780503405359296,0.1760901812651248,0.0,0.11495508245250087,0.3202563076101743,0.0,0.0,0.0,1.0000000000000002,0.49326362366699006,0.36084391824351614,0.0,0.0,0.0,0.0,0.3872983346207417,0.29814239699997197,0.7824758900557375,0.5666666666666667,0.5809475019311126,0.0,0.28867513459481287,0.0,0.1803339269334865,0.17320508075688776,0.28401877872187725,0.2680281337094487,0.0,0.0,0.0,0.0,0.0,0.0,0.0,0.0,0.0,0.3011313679370974,0.23354968324845693,0.0,0.34262591575402906,0.1351474756798972,0.0,0.10959932487023821,0.0,0.3202563076101743,0.280056016805602,0.0,0.0,0.0,0.0,0.0,0.0,0.0,0.0,0.28867513459481287,0.0,0.3329481993707178,0.0,0.0,0.0,0.0,0.0,0.2886751345948129,0.0,0.0,0.01452482234435317,0.06988565578146122,0.3849001794597505,0.0,0.16012815380508716,0.0,0.0328443092721431,0.0,0.0,0.0,0.026688025634181187,0.0,0.04745789978762495,0.027777777777777776,0.29871899562646265,0.23094010767585033,0.0,0.0,0.5977184654204118,0.0,0.2721655269759087,0.2799138409167103,0.3333333333333333,0.0,0.28401877872187725,0.0726752374667264,0.030261376633440123,0.0,0.0,0.0,0.0,0.07715167498104597,0.0,0.0,0.0,0.20704985219709324,0.37130842410421355,0.12674485010489558,0.15032920560056579,0.0,0.0,0.0,0.0,0.14433756729740646,0.14442970747104036,0.0,0.0,0.0,0.0,0.23112508176051216,0.0,0.0,0.0,0.0,0.0,0.0,0.20412414523193148,0.0,0.15,0.14744195615489714,0.06154574548966636,0.0,0.0,0.0,0.26032361263416226,0.0,0.0,0.22856400411451908,0.28811699957687376,0.30460384954008574,0.11225331376673432,0.0,0.19777675864090655,0.2886751345948129,0.06011130897782882,0.30460384954008574,0.40824829046386296,0.1649572197684645,0.4068942293855798,0.37232559322316267,0.0,0.16666666666666669,0.13368713634083068,0.05360562674188975,0.0,0.0,0.0,0.0,0.4650877168471986,0.0,0.14442970747104036,0.07283011633964305,0.0],[0.20014237410594696,0.291970802919708,0.09107483232455742,0.2238833245029826,0.0,0.0,0.22934184399784036,0.07285986585964593,0.42717882885838043,0.20789267008314383,0.10423065708361508,0.0,0.06804379263534983,0.23695618019100723,0.0,0.0,0.0,0.49326362366699006,1.0,0.3417430630867044,0.0,0.0,0.0,0.0,0.534912503930609,0.39706955760501494,0.3624732559981062,0.2367665393601552,0.47760044993804374,0.0,0.1708715315433522,0.0,0.10674259952317171,0.10252291892601131,0.16811535837819142,0.15865023417386784,0.0,0.0,0.0,0.00943480199553933,0.0,0.013342824940396463,0.0,0.0,0.0,0.4926482133323602,0.17280234459811736,0.0,0.20280588092046387,0.719964002699775,0.06458336837206265,0.7176645558180028,0.0,0.23695618019100723,0.16576973481512963,0.0,0.0,0.01864361255739157,0.0,0.0,0.0,0.0854357657716761,0.0,0.1708715315433522,0.0,0.03695202794587493,0.0,0.0,0.0,0.0,0.0,0.1708715315433522,0.0,0.0,0.0,0.04653726994769512,0.28478588590558696,0.0,0.11847809009550361,0.0,0.019441083610099955,0.0,0.0,0.0,0.01579707867940048,0.009266809891468586,0.07022776686260629,0.0246631811833495,0.49026436738326734,0.1708715315433522,0.0,0.0,0.5500852618702149,0.0,0.201374031110059,0.2644980621943901,0.246631811833495,0.0,0.16811535837819142,0.057356881573914345,0.017912203554434705,0.0,0.0,0.0,0.0,0.3196713640942801,0.0,0.0,0.0,0.15319524056167935,0.422123916026259,0.09377793606580542,0.11122789304627258,0.0,0.0,0.0,0.0,0.0854357657716761,0.10686288130849306,0.0,0.0,0.0,0.0,0.17100839302427934,0.0,0.0,0.0,0.0,0.0,0.0,0.12082441866603537,0.0,0.1035853609700679,0.10909163036027106,0.03642993292982297,0.0,0.0,0.016210296808748973,0.7821732350439399,0.0,0.0,0.1551864722634782,0.24145038241650307,0.225374997910586,0.13510396221398505,0.0,0.18069082762818503,0.1708715315433522,0.0355808665077239,0.23038333119748788,0.3624732559981061,0.12205109395953727,0.2850026932910043,0.47625702895719485,0.030206104666508842,0.12331590591674751,0.07000103215893438,0.03173004683477357,0.0,0.0,0.0,0.0,0.3227573373596652,0.0,0.10686288130849306,0.04898788240606472,0.0],[0.0,0.0,0.0,0.0,0.0,0.0,0.0,0.34645116407786697,0.0,0.6894410398057408,0.4956203535809652,0.0,0.34132807439314455,0.0,0.0,0.0,0.0,0.36084391824351614,0.3417430630867044,1.0,0.0,0.0,0.0,0.0,0.0,0.09682458365518543,0.1473139127471974,0.7794228634059948,0.09316949906249124,0.0,0.75,0.0,0.4685212856658182,0.45,0.7379024325749306,0.6963575181639445,0.0,0.0,0.0,0.0,0.0,0.0,0.0,0.0,0.0,0.0,0.0,0.0,0.0,0.1316712905956469,0.0,0.14237369936287486,0.0,0.0,0.7276068751089989,0.0,0.0,0.0,0.0,0.0,0.0,0.0,0.0,0.75,0.0,0.0,0.0,0.0,0.0,0.0,0.0,0.75,0.0,0.0,0.0,0.0,0.0,0.0,0.0,0.0,0.08533201859828614,0.0,0.0,0.0,0.06933752452815363,0.0,0.12329924047901797,0.09622504486493763,0.0,0.0,0.0,0.0,0.04963665243227247,0.0,0.0,0.0,0.0,0.0,0.7379024325749306,0.2097953395741723,0.07862136275414387,0.0,0.0,0.0,0.0,0.6013377943029549,0.0,0.0,0.0,0.0,0.11739584352394519,0.0,0.0,0.0,0.0,0.0,0.0,0.375,0.0,0.0,0.0,0.0,0.0,0.0,0.0,0.0,0.0,0.0,0.0,0.0,0.7071067811865475,0.0,0.12990381056766578,0.0,0.15990053726670783,0.0,0.0,0.0,0.0,0.0,0.0,0.0,0.007879472870391254,0.0,0.058328532828586424,0.0,0.11170415038771861,0.75,0.15617376188860607,0.0,0.0,0.0,0.0,0.0,0.0,0.0,0.0,0.0,0.0,0.0,0.0,0.0,0.0,0.0,0.0,0.0,0.0],[0.0,0.0,0.0,0.0,0.0,0.0,0.0,0.0,0.0,0.0,0.0,0.0,0.0,0.0,0.0,0.0,0.0,0.0,0.0,0.0,0.9999999999999998,0.0,0.22360679774997896,0.0,0.0,0.0408248290463863,0.0,0.0,0.0,0.0,0.0,0.0,0.0,0.0,0.0,0.0,0.0,0.0,0.0,0.0,0.0,0.0,0.0,0.0,0.0,0.0,0.0,0.0,0.0,0.0,0.0,0.0,0.0,0.0,0.0,0.0,0.0,0.0,0.0,0.0,0.0,0.0,0.0,0.0,0.0,0.0,0.0,0.0,0.0,0.0,0.0,0.0,0.0,0.0,0.0,0.0,0.0,0.0,0.0,0.0,0.0,0.0,0.0,0.0,0.0,0.0,0.0,0.0,0.0,0.0,0.0,0.0,0.0,0.0,0.0,0.0,0.0,0.0,0.0,0.0,0.0,0.0,0.0,0.0,0.0,0.0,0.0,0.0,0.0,0.0,0.0,0.0,0.0,0.0,0.0,0.0,0.0,0.0,0.0,0.0,0.0,0.0,0.0,0.0,0.0,0.0,0.0,0.0,0.0,0.0,0.0,0.0,0.0,0.0,0.0,0.0,0.0,0.0,0.0,0.0,0.0,0.0,0.0,0.0,0.0,0.0,0.0,0.0,0.0,0.0,0.0,0.0,0.0,0.0,0.0,0.0,0.0,0.0,0.0,0.0,0.0,0.0,0.0,0.0,0.0